  -1.3680237e-01
  -1.3451873e-01
  -4.2983722e+00
  -3.3778420e+00
   1.1262593e-01
  -1.3935692e+00
  -3.3597295e+00
  -8.4048440e-02
  -3.2467557e-01
  -2.3008000e+00
  -3.2934896e+00
  -8.3174261e-01
  -1.3914901e+00
  -9.9204875e-01
  -2.9222500e-01
  -3.9771171e-01
  -5.1690011e-01
   2.8204760e-01
  -1.2625377e+00
  -3.0254041e+00
  -3.9117611e+00
  -1.7152089e+00
  -4.9728358e-01
  -2.2411711e+00
  -2.8298082e+00
  -3.8357650e+00
  -1.8412708e+00
  -6.6523918e-01
  -1.8989153e+00
  -2.4893089e+00
  -3.4611582e+00
  -5.5338637e-01
  -3.7831420e+00
  -7.9685551e-01
  -3.9380164e+00
  -7.0152536e-01
   2.0746710e-01
  -1.6399982e+00
  -1.3449564e-01
  -1.1075599e+00
   3.9690755e-01
  -3.2854946e+00
  -2.9636327e-01
  -2.1917379e+00
  -3.0933228e+00
  -1.4982993e+00
  -9.1945958e-01
  -4.8253741e+00
  -1.8855627e+00
  -2.6495244e+00
  -1.0333385e+00
  -1.1974177e+00
  -6.8654397e-01
  -1.4099004e+00
  -7.1145759e-01
  -8.1383887e-01
  -2.5085480e+00
  -5.4616994e-01
  -1.1442820e+00
  -6.5527915e-01
  -4.7693731e-01
  -9.4757804e-01
   4.1835666e-02
  -4.9481780e-01
  -3.3422301e+00
  -9.4343031e-01
  -3.5606013e+00
  -5.2248329e-01
  -2.0324831e+00
  -4.4586789e-01
  -1.4928120e+00
  -6.0415297e-01
   1.5026661e-01
  -4.1015671e+00
  -2.8639760e-01
  -5.7560294e+00
  -2.6316599e-01
  -3.8461628e+00
  -1.4674395e-01
  -1.8622497e+00
  -9.8961491e-01
  -3.3230973e+00
  -2.6530183e+00
  -8.7331249e-01
  -3.5315151e+00
  -1.1830869e+00
  -9.3293558e-02
  -5.1684313e-01
  -1.3741978e+00
  -1.7488196e+00
  -5.2792517e-01
  -4.1040534e+00
  -1.5828198e+00
   3.5586292e-02
  -9.0426595e-01
  -2.0359046e+00
  -6.8772767e-01
  -2.1959369e+00
  -6.6397970e-01
  -3.1065187e+00
  -5.7494724e-01
  -3.8879057e+00
  -1.0967226e+00
  -1.9473975e+00
  -6.2126826e-01
  -3.9746816e-01
  -1.5572666e+00
  -3.5286955e+00
  -4.4005470e-01
  -2.9622838e+00
  -4.2812108e-01
  -2.1280040e+00
  -3.3079556e-01
  -8.8217161e-01
  -4.6504601e+00
  -2.8941611e-01
  -1.5109331e+00
  -2.1681999e-01
   1.2743584e-01
  -1.1083287e+00
  -1.0090980e-01
  -2.7034286e-02
  -1.9407593e+00
  -8.8899727e-02
  -3.9930450e+00
  -2.2012784e-02
   2.7885425e-01
  -1.7119376e+00
  -2.6843787e+00
  -4.0349642e-01
  -3.8541638e+00
  -2.0745503e-01
   4.8552254e-01
   1.3245480e-01
  -6.4761366e-01
  -1.6885634e-01
  -1.9984996e-01
   5.8713079e-01
  -3.6115756e+00
   6.4955087e-02
  -2.8089500e+00
  -7.0073414e-01
  -8.0272846e-02
  -1.7941781e+00
  -5.6136110e-02
  -1.9053929e+00
  -3.2494224e+00
  -3.4289722e-01
  -3.0102830e-01
  -1.0306185e+00
  -3.1585802e-01
  -9.8582489e-01
  -2.7899056e-01
  -2.6093285e+00
  -4.4218597e-01
   6.7502807e-02
  -2.5383600e+00
  -2.2478842e-01
   4.3861417e-01
  -2.5848072e+00
  -5.5052751e-02
  -7.8700613e-01
  -1.4842506e-01
  -2.1361425e+00
  -5.9795979e-01
  -2.3057751e+00
  -7.2089481e-01
  -2.6789340e-01
  -3.4882279e+00
  -4.1824796e-01
   3.4097986e-01
  -3.4135881e+00
  -2.0705914e-01
  -3.6796802e+00
  -1.8779130e-01
   1.1174692e-01
  -1.1801149e+00
  -2.0573442e-01
  -4.0350358e+00
  -1.2218886e-01
  -4.5035144e-01
  -3.5346481e-03
  -2.4394512e+00
   4.5814621e-02
   5.2882288e-01
  -1.1294769e+00
   1.1756258e-02
  -1.0518036e+00
   1.3353744e-01
  -3.0961261e-02
   1.9513600e-01
  -2.5242243e+00
   1.5956147e-01
   5.7646587e-01
  -6.1730685e-01
  -3.3294292e+00
   2.2144113e-01
  -1.9224584e+00
   1.2994369e-01
  -7.3066884e-01
  -1.5696069e-01
  -2.1771203e-02
  -1.9842130e+00
   5.3029396e-02
  -3.2975200e+00
  -1.2485989e-01
  -1.5283494e+00
  -4.7327311e-02
  -4.9138430e+00
  -2.6245249e-01
  -1.8704943e+00
   1.0427897e-01
  -1.7199218e+00
   4.0164261e-02
  -7.8335391e-01
   3.1881974e-02
  -3.2217868e-01
   7.1574382e-02
  -1.6708933e+00
   1.2168264e-01
  -2.6716990e+00
   1.3873307e-01
  -2.9810461e+00
   2.9310529e-03
  -1.2531795e+00
  -1.5466409e-01
  -1.5488178e+00
   2.3323684e-02
  -1.9256321e+00
  -2.4485967e-02
   3.6849274e-01
   4.2171464e-01
  -2.4492420e+00
   1.0954446e-01
  -2.9147837e+00
   2.2018770e-01
  -2.0281490e+00
   8.0749761e-02
   5.4091140e-01
  -1.2061359e+00
   1.8557707e-01
  -9.6915467e-02
  -2.4687832e+00
   8.8771591e-02
  -2.1606487e+00
  -7.2518706e-01
  -2.3315347e+00
  -1.0061139e-01
   4.3388404e-01
  -2.3978110e-01
   2.2813527e-01
  -3.6871791e+00
   1.1074984e-01
  -3.8749359e+00
  -1.5700073e-01
  -1.3649915e+00
  -1.4499101e-01
  -1.1514212e+00
   1.1024745e-01
  -1.1511220e+00
   8.8441990e-02
  -2.9345776e+00
   1.9254672e-01
  -2.8663054e+00
   3.2976421e-01
  -4.6239936e-01
   3.1632494e-01
  -1.7841179e-01
   2.8320436e-01
  -5.3085636e-01
   3.6630906e-01
  -3.8254582e+00
   2.5339327e-01
  -1.6432344e+00
   3.6983804e-01
  -1.3792000e+00
   1.0175665e-01
  -6.8204129e-01
   3.8736573e-01
  -1.2201294e-01
   2.5651775e-01
   5.7695556e-01
  -2.4221207e+00
   1.4685525e-01
  -1.2050617e+00
   1.2996889e-01
  -2.2521894e-01
   2.3851049e-01
   5.4227705e-01
   5.6936856e-01
  -2.7035901e+00
   2.3081574e-01
  -1.5467370e-01
  -1.9199191e+00
   1.6221637e-01
   4.2296903e-01
  -2.5294526e+00
   2.8242298e-01
  -1.9375165e+00
   4.0544273e-01
   6.0301045e-01
   2.0835485e-01
  -4.1205554e+00
   1.9975646e-02
  -3.7444479e+00
   2.2702140e-01
  -2.2681194e+00
   3.3387969e-01
   8.4409463e-03
   3.1649325e-01
  -3.0302067e+00
   2.0067415e-01
  -1.4546414e+00
   3.3846158e-01
   4.2733219e-01
  -1.2121875e+00
   4.2363864e-01
  -2.8013908e+00
   3.2305385e-01
  -3.7758556e+00
   1.7116389e-01
   3.4516405e-01
  -3.3799925e+00
   2.7843900e-01
  -9.9267464e-01
   1.1079399e-01
  -8.6818578e-01
   3.0199896e-01
  -1.7668361e+00
   2.9010806e-01
  -1.4139819e+00
   2.5745054e-01
   5.3337657e-01
  -1.7781408e+00
   3.4869061e-01
   5.3637222e-01
  -3.0143071e+00
  -4.7400725e-01
  -1.7057752e+00
   4.6852040e-01
  -9.5349117e-01
   4.4490206e-01
   5.7110067e-01
  -6.2466522e-01
   3.9768238e-01
  -3.0749455e+00
   3.9669488e-01
  -2.3712157e+00
   4.7432440e-01
  -4.3643962e+00
   3.4171854e-01
   5.2159893e-01
  -1.5399600e+00
   5.2966715e-01
  -5.0494552e-01
   4.9190768e-01
   4.4457560e-01
   5.2491907e-01
  -9.1557815e-01
   4.4058445e-01
  -2.0810818e+00
   2.8398231e-01
  -2.7193126e+00
   4.1959482e-01
  -1.3045040e+00
   4.7543707e-01
   4.9958406e-01
   6.2006156e-01
  -2.5813624e+00
   4.1846178e-01
  -1.6681280e+00
   3.8518434e-01
  -6.8036877e-01
   4.8126370e-01
  -3.6918715e-01
   5.1965774e-01
  -1.6353548e+00
   5.4780980e-01
  -1.8343891e+00
   4.4317116e-01
  -3.5757033e+00
   4.3067487e-01
  -1.2274431e-02
   3.8746009e-01
  -5.7443693e-02
   3.7936664e-01
  -4.2621477e+00
   4.3230788e-01
   3.8655478e-01
   5.2902493e-01
  -2.1498104e+00
   4.5296513e-01
   5.9126144e-01
  -3.1189219e+00
   4.9532898e-01
  -8.2848836e-01
   3.3767266e-01
  -2.3614443e-01
   4.5747297e-01
  -1.8862695e+00
   2.5293395e-02
  -4.3286893e+00
   4.3912887e-01
  -1.6143850e+00
   3.8755299e-01
  -1.1653078e+00
   4.0084898e-01
   4.2191300e-01
  -1.9712489e+00
   3.3166238e-01
   6.0186679e-01
  -2.0102679e-01
   4.9553071e-01
  -2.3531506e+00
   4.9439246e-01
  -2.8577646e-01
   5.0815866e-01
  -4.0509210e+00
   4.3994184e-01
   3.9598656e-01
   5.6288604e-01
  -1.9831064e+00
   5.2894450e-01
  -1.1947537e+00
   5.1929298e-01
  -2.2254303e+00
   5.4547826e-01
  -3.1908504e+00
   5.0048325e-01
  -1.9441065e+00
   5.5875200e-01
   6.1076817e-01
  -3.5951681e+00
   5.4875248e-01
   6.1377642e-01
  -9.8217736e-01
   5.8317975e-01
   5.1437348e-01
   5.9257499e-01
  -1.7344650e+00
   4.5281140e-01
  -3.3731605e+00
   4.9582665e-01
   5.3869523e-01
   5.9377855e-01
  -1.5880378e+00
   5.4423358e-01
  -1.8223930e+00
   5.2983986e-01
   4.7146075e-01
   5.7266779e-01
   6.0385310e-01
  -2.9144934e+00
   5.7402469e-01
  -1.3235757e-01
   5.8838600e-01
  -2.8119010e+00
   5.9327715e-01
  -1.5340961e+00
   4.9126442e-01
  -1.0727263e+00
   5.0042729e-01
  -1.3589484e+00
   4.3927058e-01
   6.0891535e-01
   1.0442915e-01
   5.4425490e-01
  -1.4012537e+00
   5.4070526e-01
   4.5897701e-02
   5.6155275e-01
  -3.0180569e+00
   5.5036113e-01
   5.4732530e-01
  -4.0700950e+00
   5.7261708e-01
  -3.5169531e+00
   5.3183137e-01
  -1.3163955e-01
   5.4743987e-01
  -2.3315932e+00
   4.8787201e-01
  -1.9864120e+00
   3.4092361e-01
   4.9314220e-01
  -2.9634965e-02
   5.4545082e-01
  -9.5180090e-01
   5.3130984e-01
   4.7698200e-01
   5.6650312e-01
  -5.4498729e+00
   5.6374485e-01
   4.8858150e-01
   5.7968029e-01
   5.0813086e-01
   5.8058474e-01
   6.1468527e-01
  -9.1574775e-01
   5.9145435e-01
  -2.3895517e+00
   5.8482583e-01
  -1.0981831e-01
   5.8483178e-01
  -1.7737085e+00
   5.8989536e-01
  -5.7843087e-01
   6.0115928e-01
   6.0708289e-01
  -7.7540325e-01
   6.0380455e-01
   1.1833340e-01
   6.0231849e-01
  -4.1697217e+00
   6.0553152e-01
  -2.3576360e+00
   5.7962758e-01
   5.8471882e-01
   6.0979415e-01
  -2.0655334e+00
   5.8176785e-01
  -1.7929747e+00
   5.8241272e-01
   5.7859740e-01
   5.7343835e-01
   5.4626377e-01
   6.0663936e-01
   6.0502475e-01
  -1.3792433e+00
   6.0118111e-01
  -5.2560187e-01
   6.0129897e-01
  -2.4732004e+00
   5.7794551e-01
   6.0766590e-01
  -2.0857015e+00
   6.0338230e-01
   6.2650401e-01
   5.7009574e-01
  -1.0291460e+00
   5.9021919e-01
   5.8785201e-01
  -6.6105867e-01
   6.0170401e-01
  -1.8836134e+00
   5.7686465e-01
   5.7887731e-01
   5.8663719e-01
  -3.9915254e+00
   6.0490271e-01
  -1.2537243e-01
   6.0614133e-01
   5.6834803e-01
   6.1167134e-01
  -2.5050675e+00
   5.8433169e-01
   5.4543883e-01
  -2.2782643e+00
   5.6593133e-01
   6.2056727e-01
   5.8059596e-01
  -2.0945982e-01
   4.9967666e-01
   6.0827479e-01
  -3.6314821e+00
   5.8188470e-01
   5.7086595e-01
   5.9989879e-01
   5.8041718e-01
   6.0090252e-01
  -3.2704986e+00
   6.0185477e-01
   6.3364433e-01
  -3.8581884e+00
   5.8042583e-01
  -1.2875918e+00
   6.1691516e-01
   5.8133220e-01
  -8.7262706e-01
   6.0872154e-01
  -6.1032649e-01
   6.2063341e-01
  -3.3513602e-01
   6.2038717e-01
  -1.1253847e+00
   6.1731497e-01
  -1.2556980e-01
   6.1663004e-01
  -2.3073676e+00
   6.2477250e-01
   6.0715672e-01
   6.2317156e-01
  -2.1145236e+00
   5.9844554e-01
   6.2078665e-01
  -1.8815389e+00
   6.1063831e-01
  -2.0983067e+00
   5.7020094e-01
  -3.3316889e+00
   6.0169072e-01
   5.6637648e-01
   6.1575658e-01
   6.2589670e-01
  -3.0894238e+00
   6.1367465e-01
   6.2254101e-01
   6.1564681e-01
   6.1600065e-01
  -3.3453856e+00
   6.0475658e-01
  -1.9192008e+00
   6.0080877e-01
  -1.5976295e+00
   5.9538852e-01
   6.1781214e-01
   6.1527303e-01
  -1.8935810e+00
   6.1141852e-01
  -2.4231208e+00
   6.1047774e-01
  -2.6845993e+00
   6.1194621e-01
  -2.5804874e+00
   6.0879091e-01
   6.2036096e-01
  -7.0478179e-01
   6.1480303e-01
  -1.7620990e+00
   5.9864100e-01
  -1.9712193e+00
   6.1140288e-01
  -9.4752700e-01
   5.8496659e-01
  -2.6244388e+00
   6.0959892e-01
  -8.3828352e-01
   6.0559631e-01
   1.0065542e-01
   6.1439968e-01
  -3.6941557e+00
   5.2002391e-01
  -9.9688201e-01
   5.7099875e-01
   5.8237545e-01
   6.1756043e-01
  -3.3789039e+00
   6.1131237e-01
  -2.8620296e+00
   5.9820561e-01
  -2.4105960e-01
   6.1837588e-01
   6.1485713e-01
  -2.2775085e+00
   6.2005116e-01
   6.2200633e-01
  -1.6105959e+00
   6.1560279e-01
   6.2620627e-01
  -4.4662762e-01
   6.1848899e-01
   6.1427235e-01
   6.2380545e-01
   6.2741572e-01
   6.0913648e-01
   6.2523281e-01
  -2.1247062e+00
   6.2566489e-01
  -1.9524933e+00
   6.1826408e-01
  -3.1923363e+00
   6.1686166e-01
   6.5034255e-02
   6.1325711e-01
  -2.3461743e+00
   6.1743000e-01
   6.3117279e-01
   1.2426087e-02
   6.2078813e-01
  -1.0522278e+00
   6.2296704e-01
   3.4705402e-01
   6.2196672e-01
   4.3914042e-02
   6.2680200e-01
  -2.0061580e+00
   6.2218983e-01
  -2.3327192e+00
   6.2336880e-01
  -2.7830280e+00
   6.1652059e-01
  -6.2342454e-01
   6.1210568e-01
   6.0973520e-01
   5.8818083e-01
   6.2472467e-01
  -3.4340959e+00
   6.1859076e-01
  -1.5347775e+00
   6.1731407e-01
   6.2605078e-01
   6.2855916e-01
  -1.5075070e+00
   6.2174622e-01
  -1.4369387e+00
   6.2292849e-01
   6.2750832e-01
  -1.5667857e+00
   6.1335133e-01
  -6.5564684e-02
   5.6245917e-01
   6.2496525e-01
  -2.9148262e-02
   5.9593867e-01
  -8.5143940e-01
   6.1965233e-01
   5.7932330e-01
   6.2161035e-01
   6.3177301e-01
   6.0084322e-01
   6.1974012e-01
   6.1799786e-01
  -5.4440243e-01
   6.1262698e-01
   1.9706223e-02
   6.2345727e-01
  -3.3189541e+00
   6.2778693e-01
  -3.8686550e+00
   6.2559990e-01
   6.3102053e-01
   6.0636492e-01
   6.2705186e-01
   6.2827211e-01
   8.6319153e-03
   6.2721206e-01
   6.2354222e-01
   6.3007841e-01
   6.2863846e-01
  -4.6158346e+00
   6.2230443e-01
  -1.5796029e-01
   6.2680619e-01
   6.2863737e-01
   6.2760655e-01
   6.0034199e-01
   6.2713535e-01
  -4.4305789e-01
   6.2579671e-01
  -4.5753475e+00
   6.2760011e-01
  -1.7388700e+00
   6.2752443e-01
   6.2429106e-01
   6.2944701e-01
   6.2369849e-01
   6.2922788e-01
   6.3397117e-01
   6.2779619e-01
   6.2434171e-01
   6.3123292e-01
   6.3474602e-01
  -9.9147760e-01
   6.2504591e-01
   6.3340153e-01
   6.2102371e-01
   6.2639136e-01
  -2.2573283e+00
   6.2683325e-01
   6.3068917e-01
  -5.5883217e-01
   6.2793893e-01
  -1.7593145e+00
   6.2883608e-01
   6.2792049e-01
  -1.1877139e+00
   6.2386084e-01
  -2.7325578e+00
   6.2967833e-01
   1.2898258e-02
   6.2777809e-01
   6.3136336e-01
  -2.9573156e+00
   6.2090993e-01
   6.3011309e-01
  -1.9920689e+00
   6.2587736e-01
  -2.8715515e+00
   6.2463830e-01
  -1.8617011e+00
   6.2846600e-01
  -1.4144366e+00
   6.2693990e-01
   6.2736540e-01
  -2.0105285e+00
   6.2731953e-01
  -6.1551666e-01
   6.2931136e-01
   6.2796274e-01
   6.3254856e-01
   6.2792539e-01
   6.3159411e-01
   6.2739114e-01
   6.3183813e-01
  -3.9105667e-01
   6.2582454e-01
  -2.5893005e+00
   6.3194787e-01
   6.2511201e-01
   6.3104542e-01
  -4.4336300e-01
   6.3115310e-01
   6.3197361e-01
  -2.3564353e+00
   6.3206864e-01
   6.3278999e-01
  -4.4879916e-01
   6.3004515e-01
   6.2959706e-01
   6.1967079e-01
   6.3230068e-01
  -2.9934453e-01
   6.3177485e-01
  -1.1604170e+00
   6.2302334e-01
  -2.3507314e+00
   6.3183696e-01
  -3.0998204e-01
   6.3044558e-01
  -2.9390275e-01
   6.2953869e-01
  -3.4925547e+00
   6.3131959e-01
   1.9317142e-01
   6.3000890e-01
   6.2710437e-01
   6.3190693e-01
   6.3395974e-01
  -1.6714349e+00
   6.0879537e-01
  -3.5322291e+00
   6.2946129e-01
  -1.1892597e+00
   6.2953445e-01
   6.3418225e-01
  -1.8612446e+00
   6.2987576e-01
  -2.4887250e+00
   6.3097299e-01
   6.2323203e-01
   6.3205446e-01
  -1.0092444e+00
   6.3144080e-01
   6.0400190e-01
   6.3193344e-01
  -1.4784171e+00
   6.2206711e-01
  -1.1429582e+00
   6.3202818e-01
  -2.4184695e+00
   6.2921908e-01
   6.3371203e-01
   6.3186348e-01
   6.2403206e-01
   6.3136057e-01
  -9.4774142e-01
   6.2684573e-01
  -2.2560497e+00
   6.3017174e-01
  -1.7117467e+00
   6.3090469e-01
   4.9832118e-01
   6.0638648e-01
  -3.0497849e+00
   6.2006357e-01
   6.3126579e-01
   6.3312593e-01
  -2.1314062e+00
   6.3214606e-01
   6.3230936e-01
  -3.1745015e-02
   6.3163104e-01
  -1.3773966e+00
   6.3293082e-01
   6.2847155e-01
   6.3345147e-01
   6.2526059e-01
   6.3356390e-01
  -1.7758077e+00
   6.3320222e-01
   6.3232457e-01
   6.3262712e-01
  -5.4009501e-01
   6.3323574e-01
  -2.8625459e+00
   6.3110973e-01
  -1.0135153e+00
   6.3249267e-01
   6.3279514e-01
   6.2719382e-01
   6.3292695e-01
  -1.4099277e+00
   6.3309960e-01
  -1.7191443e+00
   6.3278651e-01
  -2.5130327e+00
   6.3210937e-01
  -2.9954849e+00
   6.3321400e-01
  -4.8043349e+00
   6.3300044e-01
   6.3424821e-01
   6.3262950e-01
   6.3358008e-01
   6.2980786e-01
   6.3377256e-01
   6.3098897e-01
   6.3252178e-01
  -1.4750857e+00
   6.3163932e-01
  -7.4324983e-01
   6.3251907e-01
   6.3011545e-01
   6.3255106e-01
  -1.4662572e+00
   6.3243259e-01
   6.3050618e-01
   6.3306079e-01
   6.3039783e-01
   6.3322885e-01
   6.3427844e-01
  -1.8935566e-01
   6.3182267e-01
   6.3393097e-01
  -3.6257235e+00
   6.2808319e-01
   6.3189764e-01
  -1.7685079e-01
   6.3188407e-01
   6.3250240e-01
  -7.7542193e-01
   6.2676753e-01
   6.3193174e-01
   6.3219285e-01
  -6.9417825e-01
   6.3075452e-01
   6.2696287e-01
   6.3285158e-01
   6.3199847e-01
  -1.4648638e+00
   6.2998590e-01
   6.3194787e-01
   6.3279149e-01
  -2.3254594e-01
   6.3292338e-01
   6.3227182e-01
   6.3384548e-01
   6.3253155e-01
   6.3368819e-01
  -3.3887646e+00
   6.3307425e-01
  -1.3270242e+00
   6.3362609e-01
  -1.1533174e+00
   6.3396786e-01
   6.3475669e-01
  -8.5420336e-01
   6.3379678e-01
  -2.5467766e+00
   6.3370386e-01
   6.3233868e-01
   6.3432597e-01
  -2.9189177e+00
   6.3410388e-01
   6.3151213e-01
   6.3362028e-01
  -7.9697219e-01
   6.3354990e-01
   6.3229357e-01
   6.3380805e-01
   6.3340119e-01
   6.3381223e-01
   2.2371364e-02
   6.3337711e-01
  -2.2738092e+00
   6.3288381e-01
  -4.2330366e+00
   6.3199328e-01
  -2.7074365e+00
   6.3298267e-01
   6.3437626e-01
   6.3448224e-01
   5.8076922e-03
   6.3354495e-01
  -6.0317410e-01
   6.3268002e-01
  -1.9733329e+00
   6.3094225e-01
   6.3048897e-01
   6.3348575e-01
  -3.2571287e-01
   6.3248779e-01
   6.3278596e-01
   6.3387290e-01
  -7.4181636e-01
   6.3344606e-01
   6.3376800e-01
   6.2989375e-01
   6.3321757e-01
  -2.5441020e+00
   6.3367298e-01
   6.3455691e-01
  -2.3845194e+00
   6.3304305e-01
  -2.1773848e+00
   6.2884463e-01
  -4.9997174e-01
   6.3280437e-01
  -5.0293697e+00
   6.3162069e-01
   6.3436806e-01
  -1.8277311e+00
   6.3355162e-01
  -1.7261808e+00
   6.3365129e-01
   6.3343447e-01
  -2.7463668e+00
   6.3278428e-01
  -1.5017378e-01
   6.3352246e-01
   6.3249994e-01
   6.3394373e-01
   6.3482844e-01
   1.4764028e-01
   6.3418629e-01
   6.3387778e-01
   6.3389493e-01
   6.3355622e-01
   6.3441087e-01
   6.3451434e-01
   6.3319607e-01
   6.3439694e-01
  -3.5128436e+00
   6.3413346e-01
  -1.1218667e+00
   6.3434959e-01
  -3.6976248e+00
   6.3395060e-01
  -1.6972369e-01
   6.3450141e-01
  -1.9966386e+00
   6.3377070e-01
   6.3457232e-01
  -2.2651599e-01
   6.3415951e-01
  -1.5317611e-01
   6.3436780e-01
  -8.9910755e-01
   6.3366847e-01
  -3.4209979e+00
   6.3415143e-01
  -3.5417179e+00
   6.3406742e-01
  -2.9417754e+00
   6.3428180e-01
  -1.0754741e+00
   6.3418838e-01
  -1.6774421e+00
   6.3435475e-01
  -1.3425239e-01
   6.3423087e-01
  -4.7798691e+00
   6.3393281e-01
   6.3490167e-01
  -2.3083501e+00
   6.3306283e-01
  -3.4453955e-01
   6.3372771e-01
   6.3493145e-01
  -1.1921576e+00
   6.3389029e-01
  -3.9626963e+00
   6.3428073e-01
   6.3401386e-01
  -2.6632656e+00
   6.3430561e-01
   6.3384185e-01
   6.3442210e-01
  -1.1587394e+00
   6.3420983e-01
  -5.7827098e-01
   6.3258101e-01
  -1.3963186e+00
   6.3397894e-01
   6.3329192e-01
   6.3408899e-01
  -2.7702889e-02
   6.3399927e-01
  -1.1365778e+00
   6.3381917e-01
   6.3409551e-01
   6.3429600e-01
  -1.0111529e+00
   6.3392000e-01
   6.3399989e-01
   6.3464182e-01
  -1.1600805e+00
   6.3422527e-01
  -1.6784261e+00
   6.3445976e-01
  -1.1568768e+00
   6.3438560e-01
   6.3494452e-01
  -1.5880719e+00
   6.3457759e-01
   6.3500369e-01
  -3.1994669e+00
   6.3439175e-01
  -1.5693555e+00
   6.3463368e-01
   6.3491728e-01
   6.3497894e-01
  -3.8789039e+00
   6.3465070e-01
  -1.4808279e+00
   6.3479512e-01
   6.3421706e-01
  -2.1029558e-01
   6.3429202e-01
   6.3413180e-01
   6.3448434e-01
   6.3461659e-01
  -1.6314085e+00
   6.3444874e-01
   6.3486226e-01
  -6.0730491e-01
   6.3416273e-01
  -6.8793897e-01
   6.3445850e-01
   4.0718134e-02
   6.3451637e-01
  -2.1081000e+00
   6.3452475e-01
   5.5358109e-02
   6.3459031e-01
  -1.2433188e-01
   6.3447591e-01
   3.0540451e-01
   6.3434539e-01
   6.3497166e-01
   6.3413369e-01
   6.3464137e-01
  -2.2949120e-02
   6.3442263e-01
  -5.7350842e-01
   6.3417635e-01
  -2.9515541e+00
   6.3462118e-01
  -5.7455029e-01
   6.3453564e-01
   6.3422802e-01
   6.3468126e-01
  -2.3898379e+00
   6.3444367e-01
   6.3489045e-01
  -8.6088014e-01
   6.3445626e-01
  -1.6440348e+00
   6.3421657e-01
  -2.0891360e+00
   6.3441780e-01
   6.3485048e-01
  -3.3403375e+00
   6.3451491e-01
   6.3392136e-01
   6.3447024e-01
   6.3329788e-01
   6.3470067e-01
   6.3487533e-01
  -2.0093413e+00
   6.3372051e-01
  -5.1100900e+00
   6.3467046e-01
  -8.7629694e-01
   6.3451233e-01
  -3.4565488e+00
   6.3470898e-01
   6.3494055e-01
  -8.1839168e-02
   6.3471230e-01
  -2.0683843e+00
   6.3465043e-01
  -1.3857021e+00
   6.3471123e-01
  -8.2066546e-01
   6.3472486e-01
  -1.9984459e-01
   6.3479822e-01
  -3.0125503e+00
   6.3475610e-01
  -6.9598388e-01
   6.3481700e-01
  -3.9242535e+00
   6.3481600e-01
  -3.4799501e+00
   6.3486527e-01
   6.3524560e-01
  -2.0229758e+00
   6.3476113e-01
  -3.1728911e+00
   6.3474216e-01
   6.3522486e-01
  -7.4767926e-01
   6.3488035e-01
   6.3519612e-01
   6.3502054e-01
  -1.3398382e+00
   6.3502488e-01
  -1.7427060e+00
   6.3481857e-01
  -5.5534783e-01
   6.3497622e-01
   6.3479870e-01
  -1.1735077e+00
   6.3470267e-01
  -4.9116671e+00
   6.3471568e-01
  -1.8844282e+00
   6.3448068e-01
   6.3471855e-01
  -9.3616005e-01
   6.3475883e-01
  -1.2912619e+00
   6.3482872e-01
  -2.7775350e+00
   6.3480345e-01
  -2.6285014e-01
   6.3465706e-01
  -1.3594408e+00
   6.3481437e-01
  -8.6217095e-01
   6.3468247e-01
  -1.8497210e+00
   6.3478878e-01
   6.3506938e-01
   4.0412372e-01
   6.3470250e-01
  -8.8709614e-02
   6.3470851e-01
   6.3489586e-01
  -2.2842743e+00
   6.3481316e-01
   6.3468638e-01
   6.3451113e-01
   6.3491847e-01
  -3.2395325e+00
   6.3491059e-01
   6.3510995e-01
  -1.8438915e+00
   6.3486048e-01
   6.3520220e-01
   6.3412359e-01
   6.3510027e-01
   6.3533615e-01
   6.3533464e-01
   6.3511011e-01
   6.3544667e-01
   6.3562724e-01
   6.3566683e-01
   6.3579754e-01
   6.3589737e-01
   6.3525436e-01
   6.3592735e-01
  -6.3024060e-01
   6.3494867e-01
   6.3500127e-01
   6.3519221e-01
  -1.8645259e+00
   6.3502256e-01
  -3.8499890e+00
   6.3494296e-01
   6.3528657e-01
   6.3496558e-01
   6.3534212e-01
  -1.4975743e+00
   6.3513009e-01
  -2.8190220e+00
   6.3509446e-01
  -3.3154350e+00
   6.3501980e-01
   6.3498570e-01
   6.3503880e-01
   6.3529448e-01
  -1.5768531e+00
   6.3501710e-01
   6.3526942e-01
  -1.2155041e+00
   6.3497997e-01
  -4.0464946e-01
   6.3507095e-01
  -1.3318814e+00
   6.3491409e-01
   6.3518229e-01
  -3.0344510e-01
   6.3509369e-01
   6.3534132e-01
  -1.2202351e+00
   6.3494693e-01
   6.3534000e-01
  -4.3173930e+00
   6.3501453e-01
   6.3454697e-01
   6.3515758e-01
  -1.0439672e+00
   6.3502154e-01
   6.3464646e-01
   6.3516365e-01
   6.3500425e-01
   6.3516497e-01
   6.3534183e-01
  -1.2922051e+00
   6.3510044e-01
  -3.0890982e+00
   6.3451821e-01
  -3.4522271e+00
   6.3488347e-01
   6.3593929e-01
  -1.0906160e+00
   6.3530454e-01
   6.3626126e-01
   6.3612894e-01
  -1.8679845e+00
   6.3564844e-01
   6.3583119e-01
   6.3589970e-01
   6.3486720e-01
   6.3594026e-01
   6.3613988e-01
   6.3575606e-01
   6.3615333e-01
   6.3631012e-01
   6.3531174e-01
   6.3618430e-01
   6.3621298e-01
   6.3549667e-01
   6.3627936e-01
   6.3576649e-01
   6.3643921e-01
   6.3496538e-01
   6.3594636e-01
   6.3634394e-01
   6.3663720e-01
  -1.2387453e+00
   6.3608372e-01
  -2.9337547e+00
   6.3525851e-01
   6.3578625e-01
   6.3567753e-01
   6.3547117e-01
   6.3569149e-01
   6.3602073e-01
   6.3625152e-01
   6.3605455e-01
   6.3668299e-01
   6.3674293e-01
  -1.7339844e+00
   6.3588239e-01
   6.3599833e-01
  -2.5199110e+00
   6.3516502e-01
   6.3519388e-01
   6.3560074e-01
   6.3552646e-01
   6.3516267e-01
   6.3552514e-01
   6.3550447e-01
   6.3548706e-01
   6.3570949e-01
  -2.1935518e-01
   6.3557090e-01
   6.3594948e-01
   6.3694760e-01
  -1.0101436e+00
   6.3625240e-01
  -3.7087434e+00
   6.3633655e-01
   6.3633211e-01
  -2.0792708e+00
   6.3615451e-01
   6.3689768e-01
   6.3683043e-01
   4.6555987e-03
   6.3645912e-01
  -1.1417169e+00
   6.3636543e-01
   6.3682594e-01
   6.3581607e-01
   6.3668410e-01
   6.3634360e-01
  -3.3360966e+00
   6.3616233e-01
   6.3676733e-01
   6.3662238e-01
   6.3704173e-01
  -4.4814725e+00
   6.3637518e-01
   6.3724099e-01
   1.8694444e-01
   6.3665702e-01
  -3.1359301e-01
   6.3656012e-01
  -1.5855545e-01
   6.3605709e-01
  -1.7372088e+00
   6.3645719e-01
   6.3554662e-01
   6.3687959e-01
  -9.0309802e-01
   6.3593675e-01
   6.3590937e-01
   6.3594998e-01
   6.3685180e-01
   6.3500366e-01
   6.3622520e-01
   6.3600291e-01
   6.3654532e-01
  -5.1570198e-01
   6.3640878e-01
   6.3606192e-01
   6.3652068e-01
   6.3628637e-01
   6.3618133e-01
   6.3529703e-01
   6.3628527e-01
   6.3670328e-01
   6.3653399e-01
   6.3644425e-01
  -5.1195836e+00
   6.3643346e-01
   6.3559673e-01
   6.3657090e-01
   6.3682255e-01
   6.3679880e-01
  -1.8099298e+00
   6.3667028e-01
  -1.6931882e+00
   6.3668821e-01
   6.3651669e-01
   6.3680703e-01
  -4.8355265e+00
   6.3680521e-01
  -1.1776795e+00
   6.3682216e-01
   6.3710250e-01
  -2.4108967e+00
   6.3658645e-01
   6.3718145e-01
   6.3731327e-01
  -2.3711230e+00
   6.3692296e-01
   6.3724040e-01
  -3.2501901e+00
   6.3654837e-01
   6.3667594e-01
  -3.5498879e-01
   6.3656712e-01
  -3.6660598e+00
   6.3679548e-01
  -2.9277726e+00
   6.3675244e-01
  -3.9800433e-01
   6.3673723e-01
   6.3681710e-01
  -2.9367429e+00
   6.3666378e-01
   6.3694510e-01
  -1.3898983e+00
   6.3611641e-01
   6.3679921e-01
   6.3628254e-01
   6.3668788e-01
  -1.8803347e-01
   6.3660298e-01
  -2.3253051e-01
   6.3650186e-01
  -2.5212896e-01
   6.3668778e-01
   6.3697973e-01
  -2.7656765e+00
   6.3670547e-01
  -2.4183550e+00
   6.3663139e-01
   6.3699764e-01
  -4.7830155e-01
   6.3681698e-01
  -5.1494887e+00
   6.3683198e-01
  -1.7906122e-01
   6.3677233e-01
   6.3689823e-01
  -4.4071081e-01
   6.3661987e-01
  -4.2342898e+00
   6.3638531e-01
  -2.6038957e+00
   6.3588621e-01
  -3.8038835e+00
   6.3638567e-01
  -1.2669390e+00
   6.3671001e-01
   6.3698367e-01
  -1.8107999e+00
   6.3681232e-01
  -4.2870677e+00
   6.3669944e-01
  -5.2920778e-02
   6.3681270e-01
  -2.5010139e-01
   6.3676100e-01
   6.3728048e-01
  -2.4780031e-01
   6.3686847e-01
  -1.8054958e+00
   6.3697437e-01
   6.3721551e-01
  -3.5004802e+00
   6.3696630e-01
   6.3727482e-01
  -1.0080737e+00
   6.3709120e-01
  -1.9751431e+00
   6.3709666e-01
  -3.7664678e+00
   6.3671765e-01
  -4.8563529e-01
   6.3697053e-01
  -1.5769663e-01
   6.3710360e-01
   6.3720854e-01
  -2.1997219e-01
   6.3695759e-01
  -1.1338909e+00
   6.3699187e-01
  -4.9425060e-01
   6.3691791e-01
  -6.5457457e-01
   6.3663958e-01
   6.3728514e-01
   6.3719089e-01
   6.3721613e-01
   6.3735375e-01
  -4.1273794e+00
   6.3694792e-01
   6.3746257e-01
  -2.2849225e+00
   6.3669303e-01
   6.3722211e-01
   6.3722377e-01
   6.3729910e-01
   6.3757133e-01
   6.3756206e-01
  -3.8451689e+00
   6.3664394e-01
  -1.3774555e+00
   6.3719319e-01
  -1.9758684e+00
   6.3706018e-01
  -1.2815916e+00
   6.3719610e-01
   6.3749070e-01
  -3.1771556e+00
   6.3608577e-01
   6.3689415e-01
  -1.6049885e+00
   6.3659066e-01
   6.3709680e-01
   6.3711442e-01
  -2.1470918e+00
   6.3683054e-01
   6.3706426e-01
  -2.0785252e+00
   6.3699238e-01
  -4.8703472e-01
   6.3668753e-01
   6.3725212e-01
   6.3732783e-01
   6.3712747e-01
  -1.9147746e+00
   6.3713781e-01
   6.3728199e-01
   6.3756838e-01
   6.3754307e-01
   6.3756458e-01
  -2.5104825e+00
   6.3730339e-01
   6.3770008e-01
   6.3766940e-01
  -2.6139198e+00
   6.3742451e-01
  -2.8649615e+00
   6.3749576e-01
  -2.2885148e+00
   6.3702508e-01
  -2.3388903e-01
   6.3711311e-01
  -8.3064394e-01
   6.3717215e-01
   6.3751824e-01
  -2.9758860e+00
   6.3728849e-01
   6.3755935e-01
   6.3765376e-01
   6.3758506e-01
   6.3752385e-01
   6.3754558e-01
  -4.6162704e-01
   6.3741414e-01
  -2.0367519e-01
   6.3712226e-01
   6.3734297e-01
   6.3746138e-01
  -1.6806021e+00
   6.3713834e-01
  -9.5160121e-01
   6.3720332e-01
   6.3750623e-01
  -2.6255152e+00
   6.3726743e-01
   6.3749674e-01
   6.3763162e-01
   6.3747816e-01
   6.3763695e-01
  -1.4118249e+00
   6.3703130e-01
   6.3750619e-01
   6.3745782e-01
   6.3765984e-01
   6.3780117e-01
  -2.2133676e+00
   6.3727271e-01
   6.3777802e-01
  -1.6303713e+00
   6.3695615e-01
  -2.0778892e+00
   6.3728724e-01
   6.3756282e-01
  -1.7865086e+00
   6.3746837e-01
   6.3783992e-01
   6.3799814e-01
  -2.4018331e+00
   6.3771329e-01
   6.3742980e-01
   6.3772577e-01
   6.3778352e-01
   1.7647804e-01
   6.3761956e-01
  -1.0584533e+00
   6.3780772e-01
  -2.4580826e+00
   6.3781746e-01
  -2.4863322e-01
   6.3766596e-01
  -1.9012060e+00
   6.3757895e-01
  -3.4648369e+00
   6.3779592e-01
   6.3792032e-01
  -9.4106883e-01
   6.3745512e-01
  -3.2352016e+00
   6.3756682e-01
   6.3795126e-01
  -6.1975001e-02
   6.3766146e-01
   6.3802143e-01
   6.3810051e-01
   6.3824588e-01
  -9.9397957e-01
   6.3772827e-01
  -3.4763116e+00
   6.3784506e-01
   1.5113811e-02
   6.3772312e-01
   6.3779129e-01
  -2.5336144e+00
   6.3754890e-01
  -3.1497618e+00
   6.3760032e-01
   6.3778056e-01
  -2.0422052e-01
   6.3763706e-01
  -2.7623753e+00
   6.3752418e-01
   6.3758588e-01
   6.3773966e-01
   6.3777387e-01
  -1.4464297e+00
   6.3766783e-01
   6.3773312e-01
   6.3711289e-01
   6.3756969e-01
  -2.6068983e+00
   6.3756270e-01
  -4.0903049e+00
   6.3757892e-01
  -8.8723972e-01
   6.3747788e-01
  -1.4151685e-02
   6.3717552e-01
  -3.0288451e+00
   6.3738064e-01
   6.3784221e-01
  -4.0203485e+00
   6.3757437e-01
  -2.1531320e+00
   6.3754968e-01
   6.3775077e-01
  -9.3788857e-01
   6.3762955e-01
  -1.4244747e+00
   6.3778286e-01
   6.3820499e-01
   6.3826556e-01
   6.3842616e-01
  -2.4291511e+00
   6.3803792e-01
   6.3842994e-01
  -3.7262843e+00
   6.3801387e-01
  -3.8644020e+00
   6.3804317e-01
  -4.6722521e+00
   6.3795697e-01
   6.3853513e-01
  -3.5918505e-01
   6.3823160e-01
  -4.0395131e+00
   6.3776803e-01
   6.3804133e-01
  -1.5576050e+00
   6.3777641e-01
   6.3809445e-01
  -1.7951286e+00
   6.3781767e-01
   6.3800895e-01
   6.3820652e-01
  -1.1597848e+00
   6.3797649e-01
  -1.6291850e+00
   6.3793862e-01
   6.3822665e-01
  -3.7233843e-01
   6.3788216e-01
   6.3797000e-01
   6.3806434e-01
   6.3751033e-01
   6.3782309e-01
   6.3811675e-01
  -4.7643925e-01
   6.3781573e-01
   6.3800205e-01
  -1.3886354e+00
   6.3784220e-01
   6.3810097e-01
   6.3823353e-01
   6.3819593e-01
   6.3838234e-01
  -2.1589758e+00
   6.3777011e-01
   6.3801647e-01
   6.3801214e-01
  -3.2208711e+00
   6.3785333e-01
   6.3793371e-01
   3.1692114e-01
   6.3790442e-01
  -1.2803292e+00
   6.3779446e-01
   6.3802909e-01
   6.3812676e-01
   6.3823612e-01
  -2.9347944e+00
   6.3796614e-01
  -1.5184365e+00
   6.3802590e-01
  -1.8061315e+00
   6.3809033e-01
   6.3851992e-01
   6.3854178e-01
  -2.4766506e+00
   6.3824330e-01
  -2.3843302e+00
   6.3833217e-01
   6.3851916e-01
  -1.9202477e+00
   6.3830635e-01
  -2.4124246e+00
   6.3833137e-01
  -2.4263694e+00
   6.3842213e-01
  -2.0147934e+00
   6.3825659e-01
  -8.2190562e-01
   6.3813380e-01
  -1.4653228e+00
   6.3810912e-01
  -7.2685714e-01
   6.3816770e-01
  -7.9279111e-01
   6.3808028e-01
  -3.5026766e+00
   6.3817210e-01
   6.3820750e-01
   6.3836757e-01
   6.3835286e-01
   6.3833641e-01
  -2.7793827e+00
   6.3827326e-01
   6.3857048e-01
   6.3849565e-01
  -3.4411527e+00
   6.3814970e-01
  -2.7728716e+00
   6.3817511e-01
  -1.7182227e+00
   6.3797216e-01
  -2.8107444e+00
   6.3818443e-01
   6.3831432e-01
   4.1500609e-01
   6.3826066e-01
  -1.7080119e+00
   6.3817235e-01
  -3.2600140e+00
   6.3810763e-01
  -3.9913782e+00
   6.3827030e-01
  -1.5516008e-01
   6.3829706e-01
   6.3820708e-01
   6.3841171e-01
  -7.3388501e-01
   6.3814863e-01
  -2.8647087e-01
   6.3804103e-01
  -9.0404257e-01
   6.3816651e-01
   1.8177431e-02
   6.3817691e-01
  -3.9171682e+00
   6.3817364e-01
  -8.2417126e-01
   6.3820147e-01
   6.3838020e-01
  -2.0227037e+00
   6.3780628e-01
  -1.6572005e+00
   6.3809260e-01
  -7.2498324e-01
   6.3831911e-01
  -1.9943877e+00
   6.3829142e-01
   6.3854636e-01
  -3.5735301e+00
   6.3838029e-01
  -1.4937221e+00
   6.3839846e-01
  -1.2154043e+00
   6.3837307e-01
  -2.5624006e+00
   6.3838094e-01
   6.3853623e-01
   6.3861776e-01
  -2.3709684e+00
   6.3845671e-01
  -2.7119998e+00
   6.3851074e-01
   6.3860946e-01
  -1.2360506e+00
   6.3828921e-01
  -6.1332945e+00
   6.3834127e-01
   6.3852019e-01
  -3.8951255e-01
   6.3838130e-01
  -1.1187654e+00
   6.3837953e-01
   6.3860488e-01
  -2.7909798e+00
   6.3846000e-01
  -3.2032634e+00
   6.3842157e-01
  -2.2838208e+00
   6.3848579e-01
   6.3865382e-01
   6.3860046e-01
  -1.2797641e+00
   6.3838190e-01
  -3.9501816e+00
   6.3841757e-01
  -1.4322392e+00
   6.3831082e-01
   6.3858497e-01
  -1.8705801e+00
   6.3836048e-01
  -1.5710962e+00
   6.3840834e-01
   6.3857502e-01
   6.3865544e-01
  -3.3274276e+00
   6.3851365e-01
  -1.0871420e+00
   6.3845064e-01
   6.3861089e-01
  -2.0785177e+00
   6.3807398e-01
   6.3852441e-01
   6.3856247e-01
  -1.8751680e+00
   6.3839953e-01
  -1.9564666e+00
   6.3831190e-01
  -2.1340861e+00
   6.3835411e-01
  -1.6578322e+00
   6.3836401e-01
  -3.7349845e+00
   6.3840696e-01
  -3.8280943e+00
   6.3843579e-01
   6.3863753e-01
