   2.8500000e+02   1.8789200e-43   5.8725079e-05   5.8846029e-05
   2.8600000e+02   4.0567767e-43   5.8725079e-05   5.8846029e-05
   2.8700000e+02   8.7314869e-43   5.8725079e-05   5.8846029e-05
   2.8800000e+02   1.8733961e-42   5.8725079e-05   5.8846029e-05
   2.8900000e+02   4.0068703e-42   5.8725079e-05   5.8846029e-05
   2.9000000e+02   8.5430954e-42   5.8725079e-05   5.8846029e-05
   2.9100000e+02   1.8157645e-41   5.8725079e-05   5.8846029e-05
   2.9200000e+02   3.8471407e-41   5.8725079e-05   5.8846029e-05
   2.9300000e+02   8.1255151e-41   5.8725079e-05   5.8846029e-05
   2.9400000e+02   1.7107952e-40   5.8725079e-05   5.8846029e-05
   2.9500000e+02   3.5907027e-40   5.8725079e-05   5.8846029e-05
   2.9600000e+02   7.5126846e-40   5.8725079e-05   5.8846029e-05
   2.9700000e+02   1.5669140e-39   5.8725079e-05   5.8846029e-05
   2.9800000e+02   3.2578376e-39   5.8725079e-05   5.8846029e-05
   2.9900000e+02   6.7522422e-39   5.8725079e-05   5.8846029e-05
   3.0000000e+02   1.3950857e-38   5.8725079e-05   5.8846029e-05
   3.0100000e+02   2.8733467e-38   5.8725079e-05   5.8846029e-05
   3.0200000e+02   5.8994220e-38   5.8725079e-05   5.8846029e-05
   3.0300000e+02   1.2074390e-37   5.8725079e-05   5.8846029e-05
   3.0400000e+02   2.4635150e-37   5.8725079e-05   5.8846029e-05
   3.0500000e+02   5.0104822e-37   5.8725079e-05   5.8846029e-05
   3.0600000e+02   1.0158700e-36   5.8725079e-05   5.8846029e-05
   3.0700000e+02   2.0531988e-36   5.8725079e-05   5.8846029e-05
   3.0800000e+02   4.1367396e-36   5.8725079e-05   5.8846029e-05
   3.0900000e+02   8.3084431e-36   5.8725079e-05   5.8846029e-05
   3.1000000e+02   1.6634717e-35   5.8725079e-05   5.8846029e-05
   3.1100000e+02   3.3200563e-35   5.8725079e-05   5.8846029e-05
   3.1200000e+02   6.6055621e-35   5.8725079e-05   5.8846029e-05
   3.1300000e+02   1.3101119e-34   5.8725079e-05   5.8846029e-05
   3.1400000e+02   2.5902478e-34   5.8725079e-05   5.8846029e-05
   3.1500000e+02   5.1051501e-34   5.8725079e-05   5.8846029e-05
   3.1600000e+02   1.0030210e-33   5.8725079e-05   5.8846029e-05
   3.1700000e+02   1.9644717e-33   5.8725079e-05   5.8846029e-05
   3.1800000e+02   3.8354458e-33   5.8725079e-05   5.8846029e-05
   3.1900000e+02   7.4648349e-33   5.8725079e-05   5.8846029e-05
   3.2000000e+02   1.4483011e-32   5.8725079e-05   5.8846029e-05
   3.2100000e+02   2.8011205e-32   5.8725079e-05   5.8846029e-05
   3.2200000e+02   5.4005627e-32   5.8725079e-05   5.8846029e-05
   3.2300000e+02   1.0379598e-31   5.8725079e-05   5.8846029e-05
   3.2400000e+02   1.9886407e-31   5.8725079e-05   5.8846029e-05
   3.2500000e+02   3.7981002e-31   5.8725079e-05   5.8846029e-05
   3.2600000e+02   7.2312071e-31   5.8725079e-05   5.8846029e-05
   3.2700000e+02   1.3724277e-30   5.8725079e-05   5.8846029e-05
   3.2800000e+02   2.5965843e-30   5.8725079e-05   5.8846029e-05
   3.2900000e+02   4.8972207e-30   5.8725079e-05   5.8846029e-05
   3.3000000e+02   9.2072772e-30   5.8725079e-05   5.8846029e-05
   3.3100000e+02   1.7256275e-29   5.8725079e-05   5.8846029e-05
   3.3200000e+02   3.2240158e-29   5.8725079e-05   5.8846029e-05
   3.3300000e+02   6.0045652e-29   5.8725079e-05   5.8846029e-05
   3.3400000e+02   1.1148085e-28   5.8725079e-05   5.8846029e-05
   3.3500000e+02   2.0632566e-28   5.8725079e-05   5.8846029e-05
   3.3600000e+02   3.8066287e-28   5.8725079e-05   5.8846029e-05
   3.3700000e+02   7.0010322e-28   5.8725079e-05   5.8846029e-05
   3.3800000e+02   1.2835652e-27   5.8725079e-05   5.8846029e-05
   3.3900000e+02   2.3458923e-27   5.8725079e-05   5.8846029e-05
   3.4000000e+02   4.2739801e-27   5.8725079e-05   5.8846029e-05
   3.4100000e+02   7.7623142e-27   5.8725079e-05   5.8846029e-05
   3.4200000e+02   1.4053491e-26   5.8725079e-05   5.8846029e-05
   3.4300000e+02   2.5363636e-26   5.8725079e-05   5.8846029e-05
   3.4400000e+02   4.5632378e-26   5.8725079e-05   5.8846029e-05
   3.4500000e+02   8.1840633e-26   5.8725079e-05   5.8846029e-05
   3.4600000e+02   1.4631847e-25   5.8725079e-05   5.8846029e-05
   3.4700000e+02   2.6077359e-25   5.8725079e-05   5.8846029e-05
   3.4800000e+02   4.6330004e-25   5.8725079e-05   5.8846029e-05
   3.4900000e+02   8.2053172e-25   5.8725079e-05   5.8846029e-05
   3.5000000e+02   1.4486474e-24   5.8725079e-05   5.8846029e-05
   3.5100000e+02   2.5495545e-24   5.8725079e-05   5.8846029e-05
   3.5200000e+02   4.4730134e-24   5.8725079e-05   5.8846029e-05
   3.5300000e+02   7.8229470e-24   5.8725079e-05   5.8846029e-05
   3.5400000e+02   1.3638759e-23   5.8725079e-05   5.8846029e-05
   3.5500000e+02   2.3703563e-23   5.8725079e-05   5.8846029e-05
   3.5600000e+02   4.1066405e-23   5.8725079e-05   5.8846029e-05
   3.5700000e+02   7.0924133e-23   5.8725079e-05   5.8846029e-05
   3.5800000e+02   1.2210562e-22   5.8725079e-05   5.8846029e-05
   3.5900000e+02   2.0956154e-22   5.8725079e-05   5.8846029e-05
   3.6000000e+02   3.5852695e-22   5.8725079e-05   5.8846029e-05
   3.6100000e+02   6.1145754e-22   5.8725079e-05   5.8846029e-05
   3.6200000e+02   1.0395493e-21   5.8725079e-05   5.8846029e-05
   3.6300000e+02   1.7618064e-21   5.8725079e-05   5.8846029e-05
   3.6400000e+02   2.9764976e-21   5.8725079e-05   5.8846029e-05
   3.6500000e+02   5.0128788e-21   0.0000000e+00   5.8846029e-05
   3.6600000e+02   8.4159501e-21   5.8725079e-05   5.8846029e-05
   3.6700000e+02   1.4084888e-20   5.8725079e-05   5.8846029e-05
   3.6800000e+02   2.3498379e-20   5.8725079e-05   5.8846029e-05
   3.6900000e+02   3.9080195e-20   5.8725079e-05   5.8846029e-05
   3.7000000e+02   6.4790276e-20   5.8725079e-05   5.8846029e-05
   3.7100000e+02   1.0707725e-19   5.8725079e-05   5.8846029e-05
   3.7200000e+02   1.7640826e-19   5.8725079e-05   5.8846029e-05
   3.7300000e+02   2.8971760e-19   5.8725079e-05   5.8846029e-05
   3.7400000e+02   4.7431312e-19   5.8725079e-05   5.8846029e-05
   3.7500000e+02   7.7408684e-19   5.8725079e-05   5.8846029e-05
   3.7600000e+02   1.2593560e-18   5.8725079e-05   5.8846029e-05
   3.7700000e+02   2.0424040e-18   5.8725079e-05   5.8846029e-05
   3.7800000e+02   3.3019392e-18   5.8725079e-05   5.8846029e-05
   3.7900000e+02   5.3214597e-18   5.8725079e-05   5.8846029e-05
   3.8000000e+02   8.5492255e-18   5.8725079e-05   5.8846029e-05
   3.8100000e+02   1.3691690e-17   5.8725079e-05   5.8846029e-05
   3.8200000e+02   2.1858564e-17   5.8725079e-05   5.8846029e-05
   3.8300000e+02   3.4787282e-17   5.8725079e-05   5.8846029e-05
   3.8400000e+02   5.5189142e-17   5.8725079e-05   5.8846029e-05
   3.8500000e+02   8.7281276e-17   5.8725079e-05   5.8846029e-05
   3.8600000e+02   1.3760139e-16   5.8725079e-05   5.8846029e-05
   3.8700000e+02   2.1625135e-16   5.8725079e-05   5.8846029e-05
   3.8800000e+02   3.3878888e-16   5.8725079e-05   5.8846029e-05
   3.8900000e+02   5.2909510e-16   5.8725079e-05   5.8846029e-05
   3.9000000e+02   8.2370676e-16   5.8725079e-05   5.8846029e-05
   3.9100000e+02   1.2783383e-15   5.8725079e-05   5.8846029e-05
   3.9200000e+02   1.9776675e-15   5.8725079e-05   5.8846029e-05
   3.9300000e+02   3.0499662e-15   5.8725079e-05   5.8846029e-05
   3.9400000e+02   4.6889010e-15   5.8725079e-05   5.8846029e-05
   3.9500000e+02   7.1859038e-15   5.8725079e-05   5.8846029e-05
   3.9600000e+02   1.0978071e-14   5.8725079e-05   5.8846029e-05
   3.9700000e+02   1.6718793e-14   5.8725079e-05   5.8846029e-05
   3.9800000e+02   2.5381550e-14   5.8725079e-05   5.8846029e-05
   3.9900000e+02   3.8411885e-14   5.8725079e-05   5.8846029e-05
   4.0000000e+02   5.7949194e-14   5.8725079e-05   1.1769206e-04
   4.0100000e+02   8.7149213e-14   5.8725079e-05   1.1769206e-04
   4.0200000e+02   1.3065133e-13   5.8725079e-05   1.1769206e-04
   4.0300000e+02   1.9525334e-13   5.8725079e-05   1.1769206e-04
   4.0400000e+02   2.9088237e-13   5.8725079e-05   1.7653809e-04
   4.0500000e+02   4.3198695e-13   5.8725079e-05   1.7653809e-04
   4.0600000e+02   6.3952591e-13   5.8725079e-05   2.3538412e-04
   4.0700000e+02   9.4379994e-13   5.8725079e-05   2.3538412e-04
   4.0800000e+02   1.3884685e-12   5.8725079e-05   2.9423015e-04
   4.0900000e+02   2.0362281e-12   5.8725079e-05   3.5307618e-04
   4.1000000e+02   2.9768098e-12   5.8725079e-05   4.7076823e-04
   4.1100000e+02   4.3382048e-12   5.8725079e-05   5.2961426e-04
   4.1200000e+02   6.3023613e-12   5.8725079e-05   6.4730632e-04
   4.1300000e+02   9.1270585e-12   5.8725079e-05   8.2384441e-04
   4.1400000e+02   1.3176275e-11   5.8725079e-05   1.0003825e-03
   4.1500000e+02   1.8962202e-11   5.8725079e-05   1.1769206e-03
   4.1600000e+02   2.7203149e-11   5.8725079e-05   1.4711507e-03
   4.1700000e+02   3.8903070e-11   5.8725079e-05   1.7653809e-03
   4.1800000e+02   5.5460382e-11   5.8725079e-05   2.1184571e-03
   4.1900000e+02   7.8816316e-11   5.8725079e-05   2.5892253e-03
   4.2000000e+02   1.1165642e-10   5.8725079e-05   3.1188396e-03
   4.2100000e+02   1.5768324e-10   5.8725079e-05   3.7072998e-03
   4.2200000e+02   2.2198401e-10   5.8725079e-05   4.4134522e-03
   4.2300000e+02   3.1152443e-10   5.8725079e-05   5.2372966e-03
   4.2400000e+02   4.3580964e-10   0.0000000e+00   6.1788331e-03
   4.2500000e+02   6.0776521e-10   5.8725079e-05   7.2969076e-03
   4.2600000e+02   8.4490744e-10   5.8725079e-05   8.4738282e-03
   4.2700000e+02   1.1708917e-09   5.8725079e-05   9.8272869e-03
   4.2800000e+02   1.6175533e-09   5.8725079e-05   1.1357284e-02
   4.2900000e+02   2.2275874e-09   5.8725079e-05   1.3063819e-02
   4.3000000e+02   3.0580544e-09   5.8725079e-05   1.4946891e-02
   4.3100000e+02   4.1849469e-09   5.8725079e-05   1.6829964e-02
   4.3200000e+02   5.7091176e-09   5.8725079e-05   1.8830729e-02
   4.3300000e+02   7.7639424e-09   5.8725079e-05   2.0890340e-02
   4.3400000e+02   1.0525189e-08   5.8725079e-05   2.2832259e-02
   4.3500000e+02   1.4223675e-08   5.8725079e-05   2.4597640e-02
   4.3600000e+02   1.9161434e-08   5.8725079e-05   2.6127637e-02
   4.3700000e+02   2.5732293e-08   5.8725079e-05   2.7245712e-02
   4.3800000e+02   3.4447939e-08   5.8725079e-05   2.7951864e-02
   4.3900000e+02   4.5970825e-08   5.8725079e-05   2.8246094e-02
   4.4000000e+02   6.1155518e-08   5.8725079e-05   2.8128402e-02
   4.4100000e+02   8.1100453e-08   5.8725079e-05   2.7657634e-02
   4.4200000e+02   1.0721245e-07   5.8725079e-05   2.6892635e-02
   4.4300000e+02   1.4128674e-07   5.8725079e-05   2.5951099e-02
   4.4400000e+02   1.8560596e-07   5.8725079e-05   2.5068409e-02
   4.4500000e+02   2.4306180e-07   5.8725079e-05   2.4185718e-02
   4.4600000e+02   3.1730418e-07   5.8725079e-05   2.3303028e-02
   4.4700000e+02   4.1292308e-07   5.8725079e-05   2.2596875e-02
   4.4800000e+02   5.3566937e-07   5.8725079e-05   2.2067261e-02
   4.4900000e+02   6.9272165e-07   5.8725079e-05   2.1655339e-02
   4.5000000e+02   8.9300727e-07   5.8725079e-05   2.1361109e-02
   4.5100000e+02   1.1475867e-06   5.8725079e-05   2.1184571e-02
   4.5200000e+02   1.4701117e-06   5.8725079e-05   2.1008032e-02
   4.5300000e+02   1.8773681e-06   5.8725079e-05   2.0772648e-02
   4.5400000e+02   2.3899171e-06   5.8725079e-05   2.0537264e-02
   4.5500000e+02   3.0328471e-06   5.8725079e-05   2.0243034e-02
   4.5600000e+02   3.8366527e-06   5.8725079e-05   1.9831112e-02
   4.5700000e+02   4.8382549e-06   5.8725079e-05   1.9242652e-02
   4.5800000e+02   6.0821804e-06   5.8725079e-05   1.8536499e-02
   4.5900000e+02   7.6219156e-06   5.8725079e-05   1.7771501e-02
   4.6000000e+02   9.5214538e-06   5.8725079e-05   1.6888810e-02
   4.6100000e+02   1.1857051e-05   5.8725079e-05   1.6006120e-02
   4.6200000e+02   1.4719206e-05   5.8725079e-05   1.5064584e-02
   4.6300000e+02   1.8214883e-05   5.8725079e-05   1.4123047e-02
   4.6400000e+02   2.2469979e-05   5.8725079e-05   1.3122665e-02
   4.6500000e+02   2.7632058e-05   5.8725079e-05   1.2181128e-02
   4.6600000e+02   3.3873346e-05   5.8725079e-05   1.1298438e-02
   4.6700000e+02   4.1393986e-05   5.8725079e-05   1.0415747e-02
   4.6800000e+02   5.0425556e-05   5.8725079e-05   9.6507488e-03
   4.6900000e+02   6.1234817e-05   5.8725079e-05   8.9445965e-03
   4.7000000e+02   7.4127686e-05   5.8725079e-05   8.2384441e-03
   4.7100000e+02   8.9453379e-05   5.8725079e-05   7.6499838e-03
   4.7200000e+02   1.0760869e-04   5.8725079e-05   7.1203696e-03
   4.7300000e+02   1.2904234e-04   5.8725079e-05   6.5907553e-03
   4.7400000e+02   1.5425932e-04   5.8725079e-05   6.1199871e-03
   4.7500000e+02   1.8382513e-04   0.0000000e+00   5.6492188e-03
   4.7600000e+02   2.1836983e-04   0.0000000e+00   5.1196046e-03
   4.7700000e+02   2.5859176e-04   0.0000000e+00   4.7076823e-03
   4.7800000e+02   3.0526078e-04   0.0000000e+00   4.2957601e-03
   4.7900000e+02   3.5922093e-04   0.0000000e+00   3.8838379e-03
   4.8000000e+02   4.2139225e-04   0.0000000e+00   3.5307618e-03
   4.8100000e+02   4.9277168e-04   5.8725079e-05   3.2365316e-03
   4.8200000e+02   5.7443280e-04   0.0000000e+00   2.9423015e-03
   4.8300000e+02   6.6752419e-04   0.0000000e+00   2.6480713e-03
   4.8400000e+02   7.7326629e-04   0.0000000e+00   2.4126872e-03
   4.8500000e+02   8.9294648e-04   0.0000000e+00   2.2361491e-03
   4.8600000e+02   1.0279123e-03   0.0000000e+00   2.0007650e-03
   4.8700000e+02   1.1795627e-03   0.0000000e+00   1.8242269e-03
   4.8800000e+02   1.3493364e-03   5.8725079e-05   1.7065349e-03
   4.8900000e+02   1.5386993e-03   5.8725079e-05   1.5299968e-03
   4.9000000e+02   1.7491278e-03   5.8725079e-05   1.4123047e-03
   4.9100000e+02   1.9820912e-03   5.8725079e-05   1.2946126e-03
   4.9200000e+02   2.2390306e-03   5.8725079e-05   1.1769206e-03
   4.9300000e+02   2.5213358e-03   5.8725079e-05   1.0592285e-03
   4.9400000e+02   2.8303207e-03   5.8725079e-05   1.0003825e-03
   4.9500000e+02   3.1671957e-03   5.8725079e-05   8.8269044e-04
   4.9600000e+02   3.5330391e-03   5.8725079e-05   8.2384441e-04
   4.9700000e+02   3.9287669e-03   5.8725079e-05   7.6499838e-04
   4.9800000e+02   4.3551025e-03   5.8725079e-05   7.0615235e-04
   4.9900000e+02   4.8125448e-03   5.8725079e-05   5.8846029e-04
   5.0000000e+02   5.3013378e-03   5.8725079e-05   5.2961426e-04
   5.0100000e+02   5.8214405e-03   0.0000000e+00   5.2961426e-04
   5.0200000e+02   6.3724984e-03   0.0000000e+00   4.7076823e-04
   5.0300000e+02   6.9538176e-03   0.0000000e+00   4.1192221e-04
   5.0400000e+02   7.5643419e-03   0.0000000e+00   4.1192221e-04
   5.0500000e+02   8.2026331e-03   0.0000000e+00   3.5307618e-04
   5.0600000e+02   8.8668572e-03   0.0000000e+00   3.5307618e-04
   5.0700000e+02   9.5547743e-03   0.0000000e+00   2.9423015e-04
   5.0800000e+02   1.0263735e-02   0.0000000e+00   2.9423015e-04
   5.0900000e+02   1.0990684e-02   0.0000000e+00   2.3538412e-04
   5.1000000e+02   1.1732169e-02   0.0000000e+00   2.3538412e-04
   5.1100000e+02   1.2484358e-02   0.0000000e+00   2.3538412e-04
   5.1200000e+02   1.3243060e-02   0.0000000e+00   1.7653809e-04
   5.1300000e+02   1.4003765e-02   0.0000000e+00   1.7653809e-04
   5.1400000e+02   1.4761672e-02   0.0000000e+00   1.7653809e-04
   5.1500000e+02   1.5511743e-02   0.0000000e+00   1.7653809e-04
   5.1600000e+02   1.6248748e-02   0.0000000e+00   1.7653809e-04
   5.1700000e+02   1.6967330e-02   0.0000000e+00   1.1769206e-04
   5.1800000e+02   1.7662062e-02   0.0000000e+00   1.1769206e-04
   5.1900000e+02   1.8327516e-02   0.0000000e+00   1.1769206e-04
   5.2000000e+02   1.8958330e-02   0.0000000e+00   1.1769206e-04
   5.2100000e+02   1.9549284e-02   0.0000000e+00   1.1769206e-04
   5.2200000e+02   2.0095365e-02   0.0000000e+00   1.1769206e-04
   5.2300000e+02   2.0591844e-02   0.0000000e+00   1.1769206e-04
   5.2400000e+02   2.1034340e-02   0.0000000e+00   5.8846029e-05
   5.2500000e+02   2.1418882e-02   0.0000000e+00   5.8846029e-05
   5.2600000e+02   2.1741976e-02   0.0000000e+00   5.8846029e-05
   5.2700000e+02   2.2000650e-02   0.0000000e+00   5.8846029e-05
   5.2800000e+02   2.2192504e-02   0.0000000e+00   5.8846029e-05
   5.2900000e+02   2.2315745e-02   0.0000000e+00   5.8846029e-05
   5.3000000e+02   2.2369216e-02   0.0000000e+00   5.8846029e-05
   5.3100000e+02   2.2352413e-02   0.0000000e+00   5.8846029e-05
   5.3200000e+02   2.2265495e-02   0.0000000e+00   5.8846029e-05
   5.3300000e+02   2.2109280e-02   0.0000000e+00   5.8846029e-05
   5.3400000e+02   2.1885230e-02   0.0000000e+00   5.8846029e-05
   5.3500000e+02   2.1595434e-02   0.0000000e+00   5.8846029e-05
   5.3600000e+02   2.1242569e-02   0.0000000e+00   5.8846029e-05
   5.3700000e+02   2.0829864e-02   0.0000000e+00   5.8846029e-05
   5.3800000e+02   2.0361047e-02   0.0000000e+00   5.8846029e-05
   5.3900000e+02   1.9840293e-02   0.0000000e+00   5.8846029e-05
   5.4000000e+02   1.9272158e-02   0.0000000e+00   5.8846029e-05
   5.4100000e+02   1.8661515e-02   0.0000000e+00   5.8846029e-05
   5.4200000e+02   1.8013485e-02   0.0000000e+00   5.8846029e-05
   5.4300000e+02   1.7333364e-02   0.0000000e+00   5.8846029e-05
   5.4400000e+02   1.6626555e-02   0.0000000e+00   5.8846029e-05
   5.4500000e+02   1.5898494e-02   0.0000000e+00   5.8846029e-05
   5.4600000e+02   1.5154583e-02   0.0000000e+00   5.8846029e-05
   5.4700000e+02   1.4400125e-02   0.0000000e+00   5.8846029e-05
   5.4800000e+02   1.3640266e-02   0.0000000e+00   5.8846029e-05
   5.4900000e+02   1.2879936e-02   0.0000000e+00   5.8846029e-05
   5.5000000e+02   1.2123802e-02   0.0000000e+00   5.8846029e-05
   5.5100000e+02   1.1376228e-02   0.0000000e+00   5.8846029e-05
   5.5200000e+02   1.0641235e-02   0.0000000e+00   5.8846029e-05
   5.5300000e+02   9.9224756e-03   0.0000000e+00   5.8846029e-05
   5.5400000e+02   9.2232154e-03   0.0000000e+00   5.8846029e-05
   5.5500000e+02   8.5463160e-03   0.0000000e+00   5.8846029e-05
   5.5600000e+02   7.8942311e-03   0.0000000e+00   5.8846029e-05
   5.5700000e+02   7.2690057e-03   0.0000000e+00   5.8846029e-05
   5.5800000e+02   6.6722832e-03   0.0000000e+00   5.8846029e-05
   5.5900000e+02   6.1053171e-03   0.0000000e+00   5.8846029e-05
   5.6000000e+02   5.5689879e-03   5.8725079e-05   5.8846029e-05
   5.6100000e+02   5.0638240e-03   5.8725079e-05   5.8846029e-05
   5.6200000e+02   4.5900268e-03   5.8725079e-05   5.8846029e-05
   5.6300000e+02   4.1474975e-03   0.0000000e+00   5.8846029e-05
   5.6400000e+02   3.7358664e-03   5.8725079e-05   5.8846029e-05
   5.6500000e+02   3.3545234e-03   0.0000000e+00   5.8846029e-05
   5.6600000e+02   3.0026492e-03   0.0000000e+00   5.8846029e-05
   5.6700000e+02   2.6792465e-03   0.0000000e+00   5.8846029e-05
   5.6800000e+02   2.3831700e-03   0.0000000e+00   5.8846029e-05
   5.6900000e+02   2.1131566e-03   0.0000000e+00   0.0000000e+00
   5.7000000e+02   1.8678526e-03   5.8725079e-05   0.0000000e+00
   5.7100000e+02   1.6458408e-03   5.8725079e-05   0.0000000e+00
   5.7200000e+02   1.4456639e-03   5.8725079e-05   0.0000000e+00
   5.7300000e+02   1.2658468e-03   5.8725079e-05   0.0000000e+00
   5.7400000e+02   1.1049159e-03   5.8725079e-05   0.0000000e+00
   5.7500000e+02   9.6141661e-04   5.8725079e-05   0.0000000e+00
   5.7600000e+02   8.3392749e-04   5.8725079e-05   0.0000000e+00
   5.7700000e+02   7.2107302e-04   5.8725079e-05   0.0000000e+00
   5.7800000e+02   6.2153343e-04   5.8725079e-05   0.0000000e+00
   5.7900000e+02   5.3405260e-04   5.8725079e-05   0.0000000e+00
   5.8000000e+02   4.5744392e-04   5.8725079e-05   0.0000000e+00
   5.8100000e+02   3.9059437e-04   5.8725079e-05   0.0000000e+00
   5.8200000e+02   3.3246687e-04   5.8725079e-05   0.0000000e+00
   5.8300000e+02   2.8210129e-04   5.8725079e-05   0.0000000e+00
   5.8400000e+02   2.3861407e-04   5.8725079e-05   0.0000000e+00
   5.8500000e+02   2.0119692e-04   5.8725079e-05   0.0000000e+00
   5.8600000e+02   1.6911452e-04   5.8725079e-05   0.0000000e+00
   5.8700000e+02   1.4170160e-04   1.1745016e-04   0.0000000e+00
   5.8800000e+02   1.1835943e-04   1.1745016e-04   0.0000000e+00
   5.8900000e+02   9.8551970e-05   1.1745016e-04   0.0000000e+00
   5.9000000e+02   8.1801643e-05   1.1745016e-04   0.0000000e+00
   5.9100000e+02   6.7685094e-05   1.1745016e-04   0.0000000e+00
   5.9200000e+02   5.5828805e-05   1.1745016e-04   0.0000000e+00
   5.9300000e+02   4.5904781e-05   1.1745016e-04   0.0000000e+00
   5.9400000e+02   3.7626324e-05   1.7617524e-04   0.0000000e+00
   5.9500000e+02   3.0743970e-05   1.7617524e-04   0.0000000e+00
   5.9600000e+02   2.5041619e-05   1.7617524e-04   0.0000000e+00
   5.9700000e+02   2.0332892e-05   2.3490031e-04   0.0000000e+00
   5.9800000e+02   1.6457739e-05   2.3490031e-04   0.0000000e+00
   5.9900000e+02   1.3279310e-05   2.3490031e-04   0.0000000e+00
   6.0000000e+02   1.0681079e-05   2.9362539e-04   0.0000000e+00
   6.0100000e+02   8.5642435e-06   2.9362539e-04   0.0000000e+00
   6.0200000e+02   6.8453742e-06   3.5235047e-04   0.0000000e+00
   6.0300000e+02   5.4543082e-06   4.1107555e-04   0.0000000e+00
   6.0400000e+02   4.3322792e-06   4.1107555e-04   0.0000000e+00
   6.0500000e+02   3.4302636e-06   4.6980063e-04   0.0000000e+00
   6.0600000e+02   2.7075273e-06   5.2852571e-04   0.0000000e+00
   6.0700000e+02   2.1303574e-06   5.8725079e-04   0.0000000e+00
   6.0800000e+02   1.6709613e-06   6.4597586e-04   0.0000000e+00
   6.0900000e+02   1.3065156e-06   7.0470094e-04   0.0000000e+00
   6.1000000e+02   1.0183501e-06   8.2215110e-04   0.0000000e+00
   6.1100000e+02   7.9125032e-07   8.8087618e-04   0.0000000e+00
   6.1200000e+02   6.1286522e-07   9.9832634e-04   0.0000000e+00
   6.1300000e+02   4.7320611e-07   1.0570514e-03   0.0000000e+00
   6.1400000e+02   3.6422521e-07   1.1745016e-03   0.0000000e+00
   6.1500000e+02   2.7946276e-07   1.3506768e-03   0.0000000e+00
   6.1600000e+02   2.1375298e-07   1.4681270e-03   0.0000000e+00
   6.1700000e+02   1.6298015e-07   1.5855771e-03   0.0000000e+00
   6.1800000e+02   1.2387724e-07   1.7617524e-03   0.0000000e+00
   6.1900000e+02   9.3860449e-08   1.9379276e-03   0.0000000e+00
   6.2000000e+02   7.0893762e-08   2.1728279e-03   0.0000000e+00
   6.2100000e+02   5.3378664e-08   2.3490031e-03   0.0000000e+00
   6.2200000e+02   4.0064680e-08   2.5839035e-03   0.0000000e+00
   6.2300000e+02   2.9977122e-08   2.8775288e-03   0.0000000e+00
   6.2400000e+02   2.2359005e-08   3.1124292e-03   0.0000000e+00
   6.2500000e+02   1.6624528e-08   3.4060546e-03   0.0000000e+00
   6.2600000e+02   1.2321979e-08   3.7584050e-03   0.0000000e+00
   6.2700000e+02   9.1042854e-09   4.1107555e-03   0.0000000e+00
   6.2800000e+02   6.7057224e-09   4.4631060e-03   0.0000000e+00
   6.2900000e+02   4.9235638e-09   4.8741815e-03   0.0000000e+00
   6.3000000e+02   3.6036935e-09   5.2852571e-03   0.0000000e+00
   6.3100000e+02   2.6293622e-09   5.7550577e-03   0.0000000e+00
   6.3200000e+02   1.9124377e-09   6.2248583e-03   0.0000000e+00
   6.3300000e+02   1.3866231e-09   6.7533840e-03   0.0000000e+00
   6.3400000e+02   1.0022219e-09   7.3406348e-03   0.0000000e+00
   6.3500000e+02   7.2211041e-10   7.9278856e-03   0.0000000e+00
   6.3600000e+02   5.1865388e-10   8.6325865e-03   0.0000000e+00
   6.3700000e+02   3.7135214e-10   9.3372875e-03   0.0000000e+00
   6.3800000e+02   2.6505044e-10   1.0159439e-02   0.0000000e+00
   6.3900000e+02   1.8858425e-10   1.0981590e-02   0.0000000e+00
   6.4000000e+02   1.3375702e-10   1.1921191e-02   0.0000000e+00
   6.4100000e+02   9.4571888e-11   1.2978242e-02   0.0000000e+00
   6.4200000e+02   6.6656394e-11   1.4094019e-02   0.0000000e+00
   6.4300000e+02   4.6833418e-11   1.5268520e-02   0.0000000e+00
   6.4400000e+02   3.2802292e-11   1.6619197e-02   0.0000000e+00
   6.4500000e+02   2.2902707e-11   1.8028599e-02   0.0000000e+00
   6.4600000e+02   1.5940565e-11   1.9555451e-02   0.0000000e+00
   6.4700000e+02   1.1059995e-11   2.1199753e-02   0.0000000e+00
   6.4800000e+02   7.6496296e-12   2.2961506e-02   0.0000000e+00
   6.4900000e+02   5.2742436e-12   2.4781983e-02   0.0000000e+00
   6.5000000e+02   3.6250521e-12   2.6602461e-02   0.0000000e+00
   6.5100000e+02   2.4837199e-12   2.8481663e-02   0.0000000e+00
   6.5200000e+02   1.6963883e-12   3.0419591e-02   0.0000000e+00
   6.5300000e+02   1.1550006e-12   3.2298793e-02   0.0000000e+00
   6.5400000e+02   7.8392302e-13   3.4177996e-02   0.0000000e+00
   6.5500000e+02   5.3039440e-13   3.5939748e-02   0.0000000e+00
   6.5600000e+02   3.5773277e-13   3.7525325e-02   0.0000000e+00
   6.5700000e+02   2.4052090e-13   3.8758552e-02   0.0000000e+00
   6.5800000e+02   1.6120600e-13   3.9404528e-02   0.0000000e+00
   6.5900000e+02   1.0770699e-13   3.9404528e-02   0.0000000e+00
   6.6000000e+02   7.1736607e-14   3.8641102e-02   0.0000000e+00
   6.6100000e+02   4.7629067e-14   3.7055525e-02   0.0000000e+00
   6.6200000e+02   3.1523731e-14   3.4647796e-02   0.0000000e+00
   6.6300000e+02   2.0798760e-14   3.1711542e-02   0.0000000e+00
   6.6400000e+02   1.3679542e-14   2.8364213e-02   0.0000000e+00
   6.6500000e+02   8.9689161e-15   2.4899433e-02   0.0000000e+00
   6.6600000e+02   5.8619574e-15   2.1493379e-02   0.0000000e+00
   6.6700000e+02   3.8192636e-15   1.8263499e-02   0.0000000e+00
   6.6800000e+02   2.4805667e-15   1.5385971e-02   0.0000000e+00
   6.6900000e+02   1.6060404e-15   1.2860792e-02   0.0000000e+00
   6.7000000e+02   1.0365645e-15   1.0687964e-02   0.0000000e+00
   6.7100000e+02   6.6691496e-16   8.8674869e-03   0.0000000e+00
   6.7200000e+02   4.2773904e-16   7.3993599e-03   0.0000000e+00
   6.7300000e+02   2.7347750e-16   6.1661332e-03   0.0000000e+00
   6.7400000e+02   1.7430049e-16   5.1678069e-03   0.0000000e+00
   6.7500000e+02   1.1074137e-16   4.3456558e-03   0.0000000e+00
   6.7600000e+02   7.0138342e-17   3.6409549e-03   0.0000000e+00
   6.7700000e+02   4.4282830e-17   3.1124292e-03   0.0000000e+00
   6.7800000e+02   2.7870806e-17   2.6426285e-03   0.0000000e+00
   6.7900000e+02   1.7486302e-17   2.2315530e-03   0.0000000e+00
   6.8000000e+02   1.0936560e-17   1.9379276e-03   0.0000000e+00
   6.8100000e+02   6.8186400e-18   1.7030273e-03   0.0000000e+00
   6.8200000e+02   4.2378841e-18   1.4681270e-03   0.0000000e+00
   6.8300000e+02   2.6256370e-18   1.2919517e-03   0.0000000e+00
   6.8400000e+02   1.6216405e-18   1.1157765e-03   0.0000000e+00
   6.8500000e+02   9.9840966e-19   9.9832634e-04   0.0000000e+00
   6.8600000e+02   6.1276966e-19   8.8087618e-04   0.0000000e+00
   6.8700000e+02   3.7490395e-19   8.2215110e-04   0.0000000e+00
   6.8800000e+02   2.2865309e-19   7.0470094e-04   0.0000000e+00
   6.8900000e+02   1.3901716e-19   6.4597586e-04   0.0000000e+00
   6.9000000e+02   8.4254683e-20   5.8725079e-04   0.0000000e+00
   6.9100000e+02   5.0904242e-20   5.2852571e-04   0.0000000e+00
   6.9200000e+02   3.0658308e-20   5.2852571e-04   0.0000000e+00
   6.9300000e+02   1.8406732e-20   4.6980063e-04   0.0000000e+00
   6.9400000e+02   1.1016394e-20   4.1107555e-04   0.0000000e+00
   6.9500000e+02   6.5725902e-21   3.5235047e-04   0.0000000e+00
   6.9600000e+02   3.9090203e-21   3.5235047e-04   0.0000000e+00
   6.9700000e+02   2.3175738e-21   2.9362539e-04   0.0000000e+00
   6.9800000e+02   1.3697255e-21   2.3490031e-04   0.0000000e+00
   6.9900000e+02   8.0698928e-22   2.3490031e-04   0.0000000e+00
   7.0000000e+02   4.7395410e-22   1.7617524e-04   0.0000000e+00
   7.0100000e+02   2.7748474e-22   1.7617524e-04   0.0000000e+00
   7.0200000e+02   1.6194823e-22   1.1745016e-04   0.0000000e+00
   7.0300000e+02   9.4220976e-23   1.1745016e-04   0.0000000e+00
   7.0400000e+02   5.4645358e-23   1.1745016e-04   0.0000000e+00
   7.0500000e+02   3.1593173e-23   1.1745016e-04   0.0000000e+00
   7.0600000e+02   1.8208221e-23   1.1745016e-04   0.0000000e+00
   7.0700000e+02   1.0461069e-23   5.8725079e-05   0.0000000e+00
   7.0800000e+02   5.9912701e-24   5.8725079e-05   0.0000000e+00
   7.0900000e+02   3.4205506e-24   5.8725079e-05   0.0000000e+00
   7.1000000e+02   1.9467377e-24   5.8725079e-05   0.0000000e+00
   7.1100000e+02   1.1044680e-24   5.8725079e-05   0.0000000e+00
   7.1200000e+02   6.2464482e-25   5.8725079e-05   0.0000000e+00
   7.1300000e+02   3.5216600e-25   5.8725079e-05   0.0000000e+00
   7.1400000e+02   1.9792288e-25   5.8725079e-05   0.0000000e+00
   7.1500000e+02   1.1088655e-25   5.8725079e-05   0.0000000e+00
   7.1600000e+02   6.1929277e-26   0.0000000e+00   0.0000000e+00
   7.1700000e+02   3.4478428e-26   0.0000000e+00   0.0000000e+00
   7.1800000e+02   1.9135208e-26   0.0000000e+00   0.0000000e+00
   7.1900000e+02   1.0586519e-26   0.0000000e+00   0.0000000e+00
   7.2000000e+02   5.8385837e-27   0.0000000e+00   0.0000000e+00
   7.2100000e+02   3.2099340e-27   0.0000000e+00   0.0000000e+00
   7.2200000e+02   1.7592153e-27   0.0000000e+00   0.0000000e+00
   7.2300000e+02   9.6111680e-28   0.0000000e+00   0.0000000e+00
   7.2400000e+02   5.2344088e-28   0.0000000e+00   0.0000000e+00
   7.2500000e+02   2.8417992e-28   0.0000000e+00   0.0000000e+00
   7.2600000e+02   1.5379897e-28   0.0000000e+00   0.0000000e+00
   7.2700000e+02   8.2975096e-29   0.0000000e+00   0.0000000e+00
   7.2800000e+02   4.4624810e-29   0.0000000e+00   0.0000000e+00
   7.2900000e+02   2.3924303e-29   0.0000000e+00   0.0000000e+00
   7.3000000e+02   1.2786053e-29   0.0000000e+00   0.0000000e+00
   7.3100000e+02   6.8118956e-30   0.0000000e+00   0.0000000e+00
   7.3200000e+02   3.6177101e-30   0.0000000e+00   0.0000000e+00
   7.3300000e+02   1.9152869e-30   0.0000000e+00   0.0000000e+00
   7.3400000e+02   1.0108069e-30   0.0000000e+00   0.0000000e+00
   7.3500000e+02   5.3178591e-31   0.0000000e+00   0.0000000e+00
   7.3600000e+02   2.7889438e-31   0.0000000e+00   0.0000000e+00
   7.3700000e+02   1.4580653e-31   0.0000000e+00   0.0000000e+00
   7.3800000e+02   7.5988610e-32   0.0000000e+00   0.0000000e+00
   7.3900000e+02   3.9477924e-32   0.0000000e+00   0.0000000e+00
   7.4000000e+02   2.0445343e-32   0.0000000e+00   0.0000000e+00
   7.4100000e+02   1.0555256e-32   0.0000000e+00   0.0000000e+00
   7.4200000e+02   5.4322212e-33   0.0000000e+00   0.0000000e+00
   7.4300000e+02   2.7868937e-33   0.0000000e+00   0.0000000e+00
   7.4400000e+02   1.4252717e-33   0.0000000e+00   0.0000000e+00
   7.4500000e+02   7.2662308e-34   0.0000000e+00   0.0000000e+00
   7.4600000e+02   3.6927934e-34   0.0000000e+00   0.0000000e+00
   7.4700000e+02   1.8708335e-34   0.0000000e+00   0.0000000e+00
   7.4800000e+02   9.4482099e-35   0.0000000e+00   0.0000000e+00
   7.4900000e+02   4.7566175e-35   0.0000000e+00   0.0000000e+00
   7.5000000e+02   2.3871582e-35   0.0000000e+00   0.0000000e+00
   7.5100000e+02   1.1942589e-35   0.0000000e+00   0.0000000e+00
   7.5200000e+02   5.9559363e-36   0.0000000e+00   0.0000000e+00
   7.5300000e+02   2.9609828e-36   0.0000000e+00   0.0000000e+00
   7.5400000e+02   1.4674254e-36   0.0000000e+00   0.0000000e+00
   7.5500000e+02   7.2495402e-37   0.0000000e+00   0.0000000e+00
   7.5600000e+02   3.5702545e-37   0.0000000e+00   0.0000000e+00
   7.5700000e+02   1.7527589e-37   0.0000000e+00   0.0000000e+00
   7.5800000e+02   8.5778704e-38   0.0000000e+00   0.0000000e+00
   7.5900000e+02   4.1847649e-38   0.0000000e+00   0.0000000e+00
   7.6000000e+02   2.0351524e-38   0.0000000e+00   0.0000000e+00
   7.6100000e+02   9.8663633e-39   0.0000000e+00   0.0000000e+00
   7.6200000e+02   4.7681681e-39   0.0000000e+00   0.0000000e+00
   7.6300000e+02   2.2971021e-39   0.0000000e+00   0.0000000e+00
   7.6400000e+02   1.1031722e-39   0.0000000e+00   0.0000000e+00
   7.6500000e+02   5.2812977e-40   0.0000000e+00   0.0000000e+00
   7.6600000e+02   2.5204162e-40   0.0000000e+00   0.0000000e+00
   7.6700000e+02   1.1990524e-40   0.0000000e+00   0.0000000e+00
   7.6800000e+02   5.6864123e-41   0.0000000e+00   0.0000000e+00
   7.6900000e+02   2.6882696e-41   0.0000000e+00   0.0000000e+00
   7.7000000e+02   1.2668978e-41   0.0000000e+00   0.0000000e+00
   7.7100000e+02   5.9517494e-42   0.0000000e+00   0.0000000e+00
   7.7200000e+02   2.7872889e-42   0.0000000e+00   0.0000000e+00
   7.7300000e+02   1.3012287e-42   0.0000000e+00   0.0000000e+00
   7.7400000e+02   6.0556329e-43   0.0000000e+00   0.0000000e+00
   7.7500000e+02   2.8093106e-43   0.0000000e+00   0.0000000e+00
   7.7600000e+02   1.2991947e-43   0.0000000e+00   0.0000000e+00
   7.7700000e+02   5.9893962e-44   0.0000000e+00   0.0000000e+00
   7.7800000e+02   2.7524924e-44   0.0000000e+00   0.0000000e+00
   7.7900000e+02   1.2609663e-44   0.0000000e+00   0.0000000e+00
   7.8000000e+02   5.7585766e-45   0.0000000e+00   0.0000000e+00
   7.8100000e+02   2.6215678e-45   0.0000000e+00   0.0000000e+00
   7.8200000e+02   1.1897106e-45   0.0000000e+00   0.0000000e+00
   7.8300000e+02   5.3821507e-46   0.0000000e+00   0.0000000e+00
   7.8400000e+02   2.4271950e-46   0.0000000e+00   0.0000000e+00
   7.8500000e+02   1.0911583e-46   0.0000000e+00   0.0000000e+00
   7.8600000e+02   4.8899584e-47   0.0000000e+00   0.0000000e+00
   7.8700000e+02   2.1845241e-47   0.0000000e+00   0.0000000e+00
   7.8800000e+02   9.7284313e-48   0.0000000e+00   0.0000000e+00
   7.8900000e+02   4.3187998e-48   0.0000000e+00   0.0000000e+00
   7.9000000e+02   1.9112506e-48   0.0000000e+00   0.0000000e+00
   7.9100000e+02   8.4315314e-49   0.0000000e+00   0.0000000e+00
   7.9200000e+02   3.7079135e-49   0.0000000e+00   0.0000000e+00
   7.9300000e+02   1.6255001e-49   0.0000000e+00   0.0000000e+00
   7.9400000e+02   7.1036035e-50   0.0000000e+00   0.0000000e+00
   7.9500000e+02   3.0946013e-50   0.0000000e+00   0.0000000e+00
   7.9600000e+02   1.3438939e-50   0.0000000e+00   0.0000000e+00
   7.9700000e+02   5.8178104e-51   0.0000000e+00   0.0000000e+00
   7.9800000e+02   2.5106630e-51   0.0000000e+00   0.0000000e+00
   7.9900000e+02   1.0800692e-51   0.0000000e+00   0.0000000e+00
   8.0000000e+02   4.6317917e-52   0.0000000e+00   0.0000000e+00
