   2.8500000e+02   1.5902911e-66   0.0000000e+00  6.2740106e-143
   2.8600000e+02   5.4733928e-66   0.0000000e+00  2.0683301e-141
   2.8700000e+02   1.8740671e-65   0.0000000e+00  6.6907165e-140
   2.8800000e+02   6.3835491e-65   0.0000000e+00  2.1237510e-138
   2.8900000e+02   2.1631559e-64   0.0000000e+00  6.6147394e-137
   2.9000000e+02   7.2922571e-64   0.0000000e+00  2.0216225e-135
   2.9100000e+02   2.4455957e-63   0.0000000e+00  6.0626929e-134
   2.9200000e+02   8.1593566e-63   0.0000000e+00  1.7840592e-132
   2.9300000e+02   2.7081686e-62   0.0000000e+00  5.1514694e-131
   2.9400000e+02   8.9421929e-62   0.0000000e+00  1.4595910e-129
   2.9500000e+02   2.9373853e-61   0.0000000e+00  4.0579753e-128
   2.9600000e+02   9.5990075e-61   0.0000000e+00  1.1070464e-126
   2.9700000e+02   3.1206158e-60   0.0000000e+00  2.9634691e-125
   2.9800000e+02   1.0092594e-59   0.0000000e+00  7.7841855e-124
   2.9900000e+02   3.2472361e-59   0.0000000e+00  2.0063382e-122
   3.0000000e+02   1.0393779e-58   0.0000000e+00  5.0742665e-121
   3.0100000e+02   3.3096464e-58   0.0000000e+00  1.2592750e-119
   3.0200000e+02   1.0484272e-57   0.0000000e+00  3.0665220e-118
   3.0300000e+02   3.3040265e-57   0.0000000e+00  7.3273976e-117
   3.0400000e+02   1.0358510e-56   0.0000000e+00  1.7180335e-115
   3.0500000e+02   3.2307222e-56   0.0000000e+00  3.9526800e-114
   3.0600000e+02   1.0024218e-55   0.0000000e+00  8.9233901e-113
   3.0700000e+02   3.0942107e-55   0.0000000e+00  1.9767251e-111
   3.0800000e+02   9.5016241e-55   0.0000000e+00  4.2967577e-110
   3.0900000e+02   2.9026478e-54   0.0000000e+00  9.1646025e-109
   3.1000000e+02   8.8214379e-54   0.0000000e+00  1.9180706e-107
   3.1100000e+02   2.6670611e-53   0.0000000e+00  3.9390701e-106
   3.1200000e+02   8.0218604e-53   0.0000000e+00  7.9378157e-105
   3.1300000e+02   2.4003014e-52   0.0000000e+00  1.5695910e-103
   3.1400000e+02   7.1450454e-52   0.0000000e+00  3.0454409e-102
   3.1500000e+02   2.1158884e-51   0.0000000e+00  5.7981844e-101
   3.1600000e+02   6.2334584e-51   0.0000000e+00   1.0832085e-99
   3.1700000e+02   1.8268964e-50   0.0000000e+00   1.9856846e-98
   3.1800000e+02   5.3265661e-50   0.0000000e+00   3.5717961e-97
   3.1900000e+02   1.5450028e-49   0.0000000e+00   6.3043633e-96
   3.2000000e+02   4.4582020e-49   0.0000000e+00   1.0918777e-94
   3.2100000e+02   1.2797902e-48   0.0000000e+00   1.8556024e-93
   3.2200000e+02   3.6548230e-48   0.0000000e+00   3.0943828e-92
   3.2300000e+02   1.0383469e-47   0.0000000e+00   5.0633896e-91
   3.2400000e+02   2.9347231e-47   0.0000000e+00   8.1299303e-90
   3.2500000e+02   8.2516413e-47   0.0000000e+00   1.2808860e-88
   3.2600000e+02   2.3081397e-46   0.0000000e+00   1.9802149e-87
   3.2700000e+02   6.4229181e-46   0.0000000e+00   3.0039476e-86
   3.2800000e+02   1.7780797e-45   0.0000000e+00   4.4714724e-85
   3.2900000e+02   4.8968704e-45   0.0000000e+00   6.5311091e-84
   3.3000000e+02   1.3416355e-44   0.0000000e+00   9.3605530e-83
   3.3100000e+02   3.6567815e-44   0.0000000e+00   1.3164193e-81
   3.3200000e+02   9.9154410e-44   0.0000000e+00   1.8166246e-80
   3.3300000e+02   2.6746909e-43   0.0000000e+00   2.4598821e-79
   3.3400000e+02   7.1776735e-43   0.0000000e+00   3.2684480e-78
   3.3500000e+02   1.9162067e-42   0.0000000e+00   4.2613485e-77
   3.3600000e+02   5.0892004e-42   0.0000000e+00   5.4516844e-76
   3.3700000e+02   1.3446377e-41   0.0000000e+00   6.8437248e-75
   3.3800000e+02   3.5343501e-41   0.0000000e+00   8.4300966e-74
   3.3900000e+02   9.2419242e-41   0.0000000e+00   1.0189450e-72
   3.4000000e+02   2.4041623e-40   0.0000000e+00   1.2085013e-71
   3.4100000e+02   6.2217663e-40   0.0000000e+00   1.4064415e-70
   3.4200000e+02   1.6018143e-39   0.0000000e+00   1.6061068e-69
   3.4300000e+02   4.1025998e-39   0.0000000e+00   1.7997216e-68
   3.4400000e+02   1.0453331e-38   0.0000000e+00   1.9788571e-67
   3.4500000e+02   2.6497128e-38   0.0000000e+00   2.1350189e-66
   3.4600000e+02   6.6817688e-38   0.0000000e+00   2.2603057e-65
   3.4700000e+02   1.6762262e-37   0.0000000e+00   2.3480688e-64
   3.4800000e+02   4.1833322e-37   0.0000000e+00   2.3934957e-63
   3.4900000e+02   1.0386294e-36   0.0000000e+00   2.3940469e-62
   3.5000000e+02   2.5653548e-36   0.0000000e+00   2.3496915e-61
   3.5100000e+02   6.3035152e-36   0.0000000e+00   2.2629096e-60
   3.5200000e+02   1.5408725e-35   0.0000000e+00   2.1384631e-59
   3.5300000e+02   3.7471334e-35   0.0000000e+00   1.9829625e-58
   3.5400000e+02   9.0652577e-35   0.0000000e+00   1.8042861e-57
   3.5500000e+02   2.1817736e-34   0.0000000e+00   1.6109219e-56
   3.5600000e+02   5.2238148e-34   0.0000000e+00   1.4113079e-55
   3.5700000e+02   1.2442693e-33   0.0000000e+00   1.2132414e-54
   3.5800000e+02   2.9484215e-33   0.0000000e+00   1.0234128e-53
   3.5900000e+02   6.9504558e-33   0.0000000e+00   8.4709608e-53
   3.6000000e+02   1.6299923e-32   0.0000000e+00   6.8800670e-52
   3.6100000e+02   3.8028251e-32   0.0000000e+00   5.4831591e-51
   3.6200000e+02   8.8262394e-32   0.0000000e+00   4.2879252e-50
   3.6300000e+02   2.0379503e-31   0.0000000e+00   3.2903473e-49
   3.6400000e+02   4.6812306e-31   0.0000000e+00   2.4775046e-48
   3.6500000e+02   1.0697321e-30   0.0000000e+00   1.8304816e-47
   3.6600000e+02   2.4318598e-30   0.0000000e+00   1.3270719e-46
   3.6700000e+02   5.4998470e-30   0.0000000e+00   9.4406461e-46
   3.6800000e+02   1.2374032e-29   0.0000000e+00   6.5900265e-45
   3.6900000e+02   2.7696213e-29   0.0000000e+00   4.5138881e-44
   3.7000000e+02   6.1670588e-29   0.0000000e+00   3.0338395e-43
   3.7100000e+02   1.3661058e-28   0.0000000e+00   2.0008410e-42
   3.7200000e+02   3.0105035e-28   0.0000000e+00   1.2948240e-41
   3.7300000e+02   6.5999777e-28   0.0000000e+00   8.2221823e-41
   3.7400000e+02   1.4394426e-27   0.0000000e+00   5.1232038e-40
   3.7500000e+02   3.1231639e-27   0.0000000e+00   3.1323793e-39
   3.7600000e+02   6.7413014e-27   0.0000000e+00   1.8792529e-38
   3.7700000e+02   1.4475756e-26   0.0000000e+00   1.1063036e-37
   3.7800000e+02   3.0923406e-26   0.0000000e+00   6.3905990e-37
   3.7900000e+02   6.5717634e-26   0.0000000e+00   3.6223216e-36
   3.8000000e+02   1.3893929e-25   0.0000000e+00   2.0147011e-35
   3.8100000e+02   2.9222459e-25   0.0000000e+00   1.0995435e-34
   3.8200000e+02   6.1144443e-25   0.0000000e+00   5.8883335e-34
   3.8300000e+02   1.2727578e-24   0.0000000e+00   3.0942155e-33
   3.8400000e+02   2.6356218e-24   0.0000000e+00   1.5954636e-32
   3.8500000e+02   5.4296142e-24   0.0000000e+00   8.0723768e-32
   3.8600000e+02   1.1127648e-23   0.0000000e+00   4.0076901e-31
   3.8700000e+02   2.2687484e-23   0.0000000e+00   1.9523830e-30
   3.8800000e+02   4.6016951e-23   0.0000000e+00   9.3328456e-30
   3.8900000e+02   9.2853417e-23   0.0000000e+00   4.3776530e-29
   3.9000000e+02   1.8639166e-22   0.0000000e+00   2.0148687e-28
   3.9100000e+02   3.7222335e-22   0.0000000e+00   9.0997690e-28
   3.9200000e+02   7.3948487e-22   0.0000000e+00   4.0326651e-27
   3.9300000e+02   1.4615158e-21   0.0000000e+00   1.7536064e-26
   3.9400000e+02   2.8735998e-21   0.0000000e+00   7.4825612e-26
   3.9500000e+02   5.6207931e-21   0.0000000e+00   3.1329006e-25
   3.9600000e+02   1.0937485e-20   0.0000000e+00   1.2871262e-24
   3.9700000e+02   2.1173169e-20   0.0000000e+00   5.1888823e-24
   3.9800000e+02   4.0775829e-20   0.0000000e+00   2.0526018e-23
   3.9900000e+02   7.8121090e-20   0.0000000e+00   7.9673474e-23
   4.0000000e+02   1.4889576e-19   0.0000000e+00   3.0345968e-22
   4.0100000e+02   2.8232212e-19   0.0000000e+00   1.1341393e-21
   4.0200000e+02   5.3254466e-19   0.0000000e+00   4.1592020e-21
   4.0300000e+02   9.9934559e-19  1.4821969e-323   1.4966898e-20
   4.0400000e+02   1.8656231e-18  7.0256135e-321   5.2848389e-20
   4.0500000e+02   3.4648199e-18  3.7839895e-318   1.8310909e-19
   4.0600000e+02   6.4015622e-18  1.9840438e-315   6.2253851e-19
   4.0700000e+02   1.1766297e-17  1.0125299e-312   2.0768289e-18
   4.0800000e+02   2.1515042e-17  5.0294428e-310   6.7985049e-18
   4.0900000e+02   3.9137505e-17  2.4315728e-307   2.1837569e-17
   4.1000000e+02   7.0825983e-17  1.1442214e-304   6.8829297e-17
   4.1100000e+02   1.2750894e-16  5.2406875e-302   2.1287299e-16
   4.1200000e+02   2.2836903e-16  2.3362636e-299   6.4602001e-16
   4.1300000e+02   4.0689496e-16  1.0137032e-296   1.9237541e-15
   4.1400000e+02   7.2123363e-16  4.2810980e-294   5.6212297e-15
   4.1500000e+02   1.2717981e-15  1.7597660e-291   1.6117263e-14
   4.1600000e+02   2.2310480e-15  7.0406065e-289   4.5345002e-14
   4.1700000e+02   3.8935719e-15  2.7417043e-286   1.2518311e-13
   4.1800000e+02   6.7598341e-15  1.0391699e-283   3.3910972e-13
   4.1900000e+02   1.1675417e-14  3.8336094e-281   9.0139037e-13
   4.2000000e+02   2.0061220e-14  1.3765265e-278   2.3510603e-12
   4.2100000e+02   3.4291841e-14  4.8107931e-276   6.0171774e-12
   4.2200000e+02   5.8313997e-14  1.6364554e-273   1.5111238e-11
   4.2300000e+02   9.8651426e-14  5.4181006e-271   3.7237922e-11
   4.2400000e+02   1.6602843e-13  1.7460045e-268   9.0042805e-11
   4.2500000e+02   2.7797780e-13  5.4764487e-266   2.1364404e-10
   4.2600000e+02   4.6300566e-13  1.6718915e-263   4.9740566e-10
   4.2700000e+02   7.6720430e-13  4.9678965e-261   1.1363415e-09
   4.2800000e+02   1.2646906e-12  1.4367870e-258   2.5473297e-09
   4.2900000e+02   2.0739875e-12  4.0445260e-256   5.6032455e-09
   4.3000000e+02   3.3835803e-12  1.1081493e-253   1.2094066e-08
   4.3100000e+02   5.4915558e-12  2.9551824e-251   2.5614340e-08
   4.3200000e+02   8.8667172e-12  7.6705358e-249   5.3231928e-08
   4.3300000e+02   1.4242258e-11  1.9378605e-246   1.0855240e-07
   4.3400000e+02   2.2758488e-11  4.7651295e-244   2.1721249e-07
   4.3500000e+02   3.6178994e-11  1.1404659e-241   4.2648953e-07
   4.3600000e+02   5.7216082e-11  2.6567169e-239   8.2169403e-07
   4.3700000e+02   9.0017779e-11  6.0237045e-237   1.5534242e-06
   4.3800000e+02   1.4089222e-10  1.3293441e-234   2.8816962e-06
   4.3900000e+02   2.1937861e-10  2.8553976e-232   5.2454709e-06
   4.4000000e+02   3.3982090e-10  5.9696811e-230   9.3691235e-06
   4.4100000e+02   5.2366607e-10  1.2147617e-227   1.6420698e-05
   4.4200000e+02   8.0279995e-10  2.4059490e-225   2.8239855e-05
   4.4300000e+02   1.2243590e-09  4.6380683e-223   4.7655331e-05
   4.4400000e+02   1.8576281e-09  8.7024844e-221   7.8911208e-05
   4.4500000e+02   2.8038663e-09  1.5892959e-218   1.2821655e-04
   4.4600000e+02   4.2102159e-09  2.8250209e-216   2.0442200e-04
   4.4700000e+02   6.2892664e-09  4.8875809e-214   3.1980805e-04
   4.4800000e+02   9.3463955e-09  8.2304133e-212   4.9094101e-04
   4.4900000e+02   1.3817735e-08  1.3489776e-209   7.3951574e-04
   4.5000000e+02   2.0322546e-08  2.1520046e-207   1.0930593e-03
   4.5100000e+02   2.9734998e-08  3.3414661e-205   1.5853246e-03
   4.5200000e+02   4.3281894e-08  5.0499410e-203   2.2561649e-03
   4.5300000e+02   6.2674826e-08  7.4283259e-201   3.1506609e-03
   4.5400000e+02   9.0287696e-08  1.0635330e-198   4.3172846e-03
   4.5500000e+02   1.2939352e-07  1.4820621e-196   5.8049419e-03
   4.5600000e+02   1.8447820e-07  2.0101906e-194   7.6588445e-03
   4.5700000e+02   2.6165324e-07  2.6537710e-192   9.9153218e-03
   4.5800000e+02   3.6919493e-07  3.4099268e-190   1.2595881e-02
   4.5900000e+02   5.1824352e-07  4.2646368e-188   1.5701042e-02
   4.6000000e+02   7.2370335e-07  5.1912798e-186   1.9204659e-02
   4.6100000e+02   1.0053929e-06  6.1506670e-184   2.3049576e-02
   4.6200000e+02   1.3895034e-06  7.0929253e-182   2.7145483e-02
   4.6300000e+02   1.9104335e-06  7.9612992e-180   3.1369720e-02
   4.6400000e+02   2.6130806e-06  8.6975694e-178   3.5571530e-02
   4.6500000e+02   3.5556764e-06  9.2484137e-176   3.9579849e-02
   4.6600000e+02   4.8132696e-06  9.5717641e-174   4.3214288e-02
   4.6700000e+02   6.4819652e-06  9.6421108e-172   4.6298450e-02
   4.6800000e+02   8.6840386e-06  9.4538268e-170   4.8674342e-02
   4.6900000e+02   1.1574050e-05  9.0219113e-168   5.0216421e-02
   4.7000000e+02   1.5346081e-05  8.3800163e-166   5.0843701e-02
   4.7100000e+02   2.0242221e-05  7.5761150e-164   5.0528559e-02
   4.7200000e+02   2.6562405e-05  6.6665885e-162   4.9301138e-02
   4.7300000e+02   3.4675694e-05  5.7097373e-160   4.7248614e-02
   4.7400000e+02   4.5033063e-05  4.7597485e-158   4.4509011e-02
   4.7500000e+02   5.8181692e-05  3.8619555e-156   4.1259598e-02
   4.7600000e+02   7.4780739e-05  3.0499023e-154   3.7700417e-02
   4.7700000e+02   9.5618451e-05  2.3443366e-152   3.4034135e-02
   4.7800000e+02   1.2163042e-04  1.7539185e-150   3.0444305e-02
   4.7900000e+02   1.5391865e-04  1.2771863e-148   2.7075146e-02
   4.8000000e+02   1.9377102e-04  9.0522069e-147   2.4016625e-02
   4.8100000e+02   2.4268054e-04  6.2446786e-145   2.1298462e-02
   4.8200000e+02   3.0236368e-04  4.1929637e-143   1.8895305e-02
   4.8300000e+02   3.7477692e-04  2.7402330e-141   1.6742673e-02
   4.8400000e+02   4.6213046e-04  1.7430478e-139   1.4760139e-02
   4.8500000e+02   5.6689797e-04  1.0791616e-137   1.2875780e-02
   4.8600000e+02   6.9182102e-04  6.5030793e-136   1.1045278e-02
   4.8700000e+02   8.3990689e-04  3.8142312e-134   9.2607394e-03
   4.8800000e+02   1.0144183e-03  2.1774610e-132   7.5477377e-03
   4.8900000e+02   1.2188537e-03  1.2098990e-130   5.9529578e-03
   4.9000000e+02   1.4569163e-03  6.5433970e-129   4.5275348e-03
   4.9100000e+02   1.7324718e-03  3.4443938e-127   3.3117910e-03
   4.9200000e+02   2.0494922e-03  1.7647278e-125   2.3255913e-03
   4.9300000e+02   2.4119869e-03  8.8003116e-124   1.5658774e-03
   4.9400000e+02   2.8239184e-03  4.2714346e-122   1.0103452e-03
   4.9500000e+02   3.2891062e-03  2.0179243e-120   6.2464205e-04
   4.9600000e+02   3.8111162e-03  9.2787902e-119   3.7019328e-04
   4.9700000e+02   4.3931398e-03  4.1527257e-117   2.1051748e-04
   4.9800000e+02   5.0378636e-03  1.8089665e-115   1.1505594e-04
   4.9900000e+02   5.7473326e-03  7.6697850e-114   6.0577298e-05
   5.0000000e+02   6.5228111e-03  3.1651278e-112   3.0823573e-05
   5.0100000e+02   7.3646450e-03  1.2713195e-110   1.5220823e-05
   5.0200000e+02   8.2721305e-03  4.9701964e-109   7.3317371e-06
   5.0300000e+02   9.2433943e-03  1.8912450e-107   3.4654894e-06
   5.0400000e+02   1.0275291e-02  7.0045045e-106   1.6174466e-06
   5.0500000e+02   1.1363322e-02  2.5250061e-104   7.4978284e-07
   5.0600000e+02   1.2501584e-02  8.8593702e-103   3.4676335e-07
   5.0700000e+02   1.3682748e-02  3.0255104e-101   1.6038882e-07
   5.0800000e+02   1.4898075e-02   1.0056569e-99   7.4200032e-08
   5.0900000e+02   1.6137473e-02   3.2535422e-98   3.4270657e-08
   5.1000000e+02   1.7389594e-02   1.0245152e-96   1.5754918e-08
   5.1100000e+02   1.8641974e-02   3.1400444e-95   7.1848746e-09
   5.1200000e+02   1.9881214e-02   9.3671733e-94   3.2402548e-09
   5.1300000e+02   2.1093199e-02   2.7197984e-92   1.4414354e-09
   5.1400000e+02   2.2263352e-02   7.6863518e-91   6.3131967e-10
   5.1500000e+02   2.3376914e-02   2.1142639e-89   2.7187919e-10
   5.1600000e+02   2.4419252e-02   5.6604835e-88   1.1502873e-10
   5.1700000e+02   2.5376171e-02   1.4750381e-86   4.7787234e-11
   5.1800000e+02   2.6234232e-02   3.7411779e-85   1.9487555e-11
   5.1900000e+02   2.6981070e-02   9.2356799e-84   7.7994855e-12
   5.2000000e+02   2.7605685e-02   2.2191404e-82   3.0633442e-12
   5.2100000e+02   2.8098713e-02   5.1898650e-81   1.1806602e-12
   5.2200000e+02   2.8452660e-02   1.1813613e-79   4.4652132e-13
   5.2300000e+02   2.8662091e-02   2.6173682e-78   1.6570752e-13
   5.2400000e+02   2.8723768e-02   5.6441986e-77   6.0342384e-14
   5.2500000e+02   2.8636734e-02   1.1846639e-75   2.1561637e-14
   5.2600000e+02   2.8402339e-02   2.4201562e-74   7.5599610e-15
   5.2700000e+02   2.8024203e-02   4.8122373e-73   2.6009721e-15
   5.2800000e+02   2.7508125e-02   9.3133530e-72   8.7807189e-16
   5.2900000e+02   2.6861932e-02   1.7543672e-70   2.9087249e-16
   5.3000000e+02   2.6095285e-02   3.2165500e-69   9.4548234e-17
   5.3100000e+02   2.5219437e-02   5.7400479e-68   3.0156600e-17
   5.3200000e+02   2.4246959e-02   9.9700220e-67   9.4382072e-18
   5.3300000e+02   2.3191440e-02   1.6855130e-65   2.8985101e-18
   5.3400000e+02   2.2067173e-02   2.7734701e-64   8.7345054e-19
   5.3500000e+02   2.0888835e-02   4.4419153e-63   2.5827359e-19
   5.3600000e+02   1.9671174e-02   6.9242452e-62   7.4937613e-20
   5.3700000e+02   1.8428708e-02   1.0505821e-60   2.1335258e-20
   5.3800000e+02   1.7175447e-02   1.5514685e-59   5.9603823e-21
   5.3900000e+02   1.5924645e-02   2.2300330e-58   1.6339114e-21
   5.4000000e+02   1.4688586e-02   3.1198594e-57   4.3950224e-22
   5.4100000e+02   1.3478414e-02   4.2482900e-56   1.1600371e-22
   5.4200000e+02   1.2303994e-02   5.6305222e-55   3.0044211e-23
   5.4300000e+02   1.1173829e-02   7.2633770e-54   7.6353321e-24
   5.4400000e+02   1.0095002e-02   9.1197701e-53   1.9040276e-24
   5.4500000e+02   9.0731772e-03   1.1145116e-51   4.6590431e-25
   5.4600000e+02   8.1126157e-03   1.3256860e-50   1.1186607e-25
   5.4700000e+02   7.2162398e-03   1.5348013e-49   2.6355924e-26
   5.4800000e+02   6.3857154e-03   1.7294938e-48   6.0930715e-27
   5.4900000e+02   5.6215581e-03   1.8968862e-47   1.3822051e-27
   5.5000000e+02   4.9232557e-03   2.0249716e-46   3.0767122e-28
   5.5100000e+02   4.2894008e-03   2.1040303e-45   6.7201575e-29
   5.5200000e+02   3.7178289e-03   2.1278471e-44   1.4402909e-29
   5.5300000e+02   3.2057579e-03   2.0945187e-43   3.0289991e-30
   5.5400000e+02   2.7499233e-03   2.0067047e-42   6.2506655e-31
   5.5500000e+02   2.3467077e-03   1.8712770e-41   1.2657023e-31
   5.5600000e+02   1.9922597e-03   1.6984317e-40   2.5148671e-32
   5.5700000e+02   1.6826022e-03   1.5004222e-39   4.9031671e-33
   5.5800000e+02   1.4137268e-03   1.2901324e-38   9.3802958e-34
   5.5900000e+02   1.1816751e-03   1.0797183e-37   1.7608994e-34
   5.6000000e+02   9.8260556e-04   8.7951252e-37   3.2436259e-35
   5.6100000e+02   8.1284716e-04   6.9731497e-36   5.8628009e-36
   5.6200000e+02   6.6893992e-04   5.3811035e-35   1.0398189e-36
   5.6300000e+02   5.4766360e-04   4.0417467e-34   1.8096244e-37
   5.6400000e+02   4.4605580e-04   2.9547602e-33   3.0902768e-38
   5.6500000e+02   3.6142072e-04   2.1024746e-32   5.1782676e-39
   5.6600000e+02   2.9133016e-04   1.4561117e-31   8.5143163e-40
   5.6700000e+02   2.3361804e-04   9.8155357e-31   1.3737043e-40
   5.6800000e+02   1.8636994e-04   6.4400422e-30   2.1747778e-41
   5.6900000e+02   1.4790876e-04   4.1126222e-29   3.3784285e-42
   5.7000000e+02   1.1677785e-04   2.5562558e-28   5.1498282e-43
   5.7100000e+02   9.1722440e-05   1.5464831e-27   7.7028056e-44
   5.7200000e+02   7.1670307e-05   9.1062897e-27   1.1305332e-44
   5.7300000e+02   5.5712349e-05   5.2190701e-26   1.6281555e-45
   5.7400000e+02   4.3083624e-05   2.9113887e-25   2.3008410e-46
   5.7500000e+02   3.3145267e-05   1.5807480e-24   3.1904763e-47
   5.7600000e+02   2.5367599e-05   8.3537308e-24   4.3411283e-48
   5.7700000e+02   1.9314601e-05   4.2968848e-23   5.7959937e-49
   5.7800000e+02   1.4629877e-05   2.1512077e-22   7.5933141e-50
   5.7900000e+02   1.1024126e-05   1.0482536e-21   9.7614202e-51
   5.8000000e+02   8.2641117e-06   4.9717097e-21   1.2313254e-51
   5.8100000e+02   6.1630649e-06   2.2950945e-20   1.5240908e-52
   5.8200000e+02   4.5724172e-06   1.0312187e-19   1.8510878e-53
   5.8300000e+02   3.3747647e-06   4.5097903e-19   2.2060807e-54
   5.8400000e+02   2.4779338e-06   1.9196291e-18   2.5798469e-55
   5.8500000e+02   1.8100244e-06   7.9530496e-18   2.9603609e-56
   5.8600000e+02   1.3153088e-06   3.2070479e-17   3.3332936e-57
   5.8700000e+02   9.5086652e-07   1.2587301e-16   3.6828215e-58
   5.8800000e+02   6.8384855e-07   4.8085612e-16   3.9926932e-59
   5.8900000e+02   4.8927029e-07   1.7879406e-15   4.2474609e-60
   5.9000000e+02   3.4824614e-07   6.4706277e-15   4.4337482e-61
   5.9100000e+02   2.4658822e-07   2.2792666e-14   4.5414113e-62
   5.9200000e+02   1.7370282e-07   7.8144649e-14   4.5644540e-63
   5.9300000e+02   1.2172785e-07   2.6077067e-13   4.5015804e-64
   5.9400000e+02   8.4863630e-08   8.4698095e-13   4.3563159e-65
   5.9500000e+02   5.8857497e-08   2.6775891e-12   4.1366798e-66
   5.9600000e+02   4.0609769e-08   8.2389072e-12   3.8544519e-67
   5.9700000e+02   2.7874545e-08   2.4674632e-11   3.5241268e-68
   5.9800000e+02   1.9034155e-08   7.1926204e-11   3.1616851e-69
   5.9900000e+02   1.2930281e-08   2.0406992e-10   2.7833247e-70
   6.0000000e+02   8.7383791e-09   5.6354194e-10   2.4042926e-71
   6.0100000e+02   5.8749251e-09   1.5147079e-09   2.0379285e-72
   6.0200000e+02   3.9293646e-09   3.9626609e-09   1.6949963e-73
   6.0300000e+02   2.6145134e-09   1.0090213e-08   1.3833330e-74
   6.0400000e+02   1.7306448e-09   2.5007435e-08   1.1078039e-75
   6.0500000e+02   1.1396555e-09   6.0324448e-08   8.7051699e-77
   6.0600000e+02   7.4659960e-10   1.4163577e-07   6.7122757e-78
   6.0700000e+02   4.8657576e-10   3.2367409e-07   5.0785589e-79
   6.0800000e+02   3.1547266e-10   7.1994335e-07   3.7704170e-80
   6.0900000e+02   2.0347991e-10   1.5586338e-06   2.7467331e-81
   6.1000000e+02   1.3056594e-10   3.2843184e-06   1.9634584e-82
   6.1100000e+02   8.3346387e-11   6.7359959e-06   1.3772258e-83
   6.1200000e+02   5.2928821e-11   1.3446640e-05   9.4790926e-85
   6.1300000e+02   3.3438455e-11   2.6126492e-05   6.4018658e-86
   6.1400000e+02   2.1015936e-11   4.9408747e-05   4.2425263e-87
   6.1500000e+02   1.3140134e-11   9.0945657e-05   2.7588031e-88
   6.1600000e+02   8.1733372e-12   1.6293541e-04   1.7603339e-89
   6.1700000e+02   5.0576361e-12   2.8412169e-04   1.1021674e-90
   6.1800000e+02   3.1134671e-12   4.8222385e-04   6.7713968e-92
   6.1900000e+02   1.9067315e-12   7.9661481e-04   4.0821330e-93
   6.2000000e+02   1.1616715e-12   1.2808653e-03   2.4147613e-94
   6.2100000e+02   7.0408593e-13   2.0045364e-03   1.4016496e-95
   6.2200000e+02   4.2453798e-13   3.0533726e-03   7.9833080e-97
   6.2300000e+02   2.5465721e-13   4.5269017e-03   4.4617424e-98
   6.2400000e+02   1.5196513e-13   6.5324744e-03   2.4468327e-99
   6.2500000e+02   9.0215355e-14   9.1750778e-03  1.3166861e-100
   6.2600000e+02   5.3280160e-14   1.2542878e-02  6.9524585e-102
   6.2700000e+02   3.1303949e-14   1.6689373e-02  3.6022408e-103
   6.2800000e+02   1.8297058e-14   2.1614154e-02  1.8314086e-104
   6.2900000e+02   1.0639273e-14   2.7245316e-02  9.1364176e-106
   6.3000000e+02   6.1544777e-15   3.3427265e-02  4.4724430e-107
   6.3100000e+02   3.5417588e-15   3.9917675e-02  2.1482849e-108
   6.3200000e+02   2.0276608e-15   4.6396479e-02  1.0125515e-109
   6.3300000e+02   1.1548357e-15   5.2488022e-02  4.6829609e-111
   6.3400000e+02   6.5432513e-16   5.7795067e-02  2.1252114e-112
   6.3500000e+02   3.6882093e-16   6.1940789e-02  9.4637205e-114
   6.3600000e+02   2.0681692e-16   6.4612730e-02  4.1352319e-115
   6.3700000e+02   1.1537325e-16   6.5601661e-02  1.7730297e-116
   6.3800000e+02   6.4028408e-17   6.4828649e-02  7.4595106e-118
   6.3900000e+02   3.5349953e-17   6.2355462e-02  3.0795186e-119
   6.4000000e+02   1.9415721e-17   5.8376415e-02  1.2474798e-120
   6.4100000e+02   1.0608812e-17   5.3193153e-02  4.9586378e-122
   6.4200000e+02   5.7667154e-18   4.7176904e-02  1.9340577e-123
   6.4300000e+02   3.1184503e-18   4.0724760e-02  7.4020952e-125
   6.4400000e+02   1.6776358e-18   3.4217086e-02  2.7798290e-126
   6.4500000e+02   8.9785269e-19   2.7982267e-02  1.0243766e-127
   6.4600000e+02   4.7803648e-19   2.2272972e-02  3.7040721e-129
   6.4700000e+02   2.5320107e-19   1.7255551e-02  1.3142482e-130
   6.4800000e+02   1.3341927e-19   1.3011725e-02  4.5756576e-132
   6.4900000e+02   6.9939117e-20   9.5498453e-03  1.5631758e-133
   6.5000000e+02   3.6472898e-20   6.8220229e-03  5.2401091e-135
   6.5100000e+02   1.8922083e-20   4.7433526e-03  1.7236576e-136
   6.5200000e+02   9.7659872e-21   3.2100591e-03  5.5633946e-138
   6.5300000e+02   5.0143184e-21   2.1144433e-03  1.7620041e-139
   6.5400000e+02   2.5612750e-21   1.3556090e-03  5.4758573e-141
   6.5500000e+02   1.3015146e-21   8.4591796e-04  1.6698426e-142
   6.5600000e+02   6.5794630e-22   5.1378029e-04  4.9966290e-144
   6.5700000e+02   3.3088752e-22   3.0372603e-04  1.4670904e-145
   6.5800000e+02   1.6554607e-22   1.7475998e-04  4.2268303e-147
   6.5900000e+02   8.2395954e-23   9.7871751e-05  1.1949533e-148
   6.6000000e+02   4.0798243e-23   5.3349225e-05  3.3148604e-150
   6.6100000e+02   2.0096738e-23   2.8304420e-05  9.0231407e-152
   6.6200000e+02   9.8482310e-24   1.4616245e-05  2.4100630e-153
   6.6300000e+02   4.8010854e-24   7.3463690e-06  6.3165109e-155
   6.6400000e+02   2.3284621e-24   3.5938924e-06  1.6244422e-156
   6.6500000e+02   1.1234337e-24   1.7112473e-06  4.0992980e-158
   6.6600000e+02   5.3923031e-25   7.9307798e-07  1.0150627e-159
   6.6700000e+02   2.5748366e-25   3.5774567e-07  2.4663486e-161
   6.6800000e+02   1.2231328e-25   1.5706821e-07  5.8802285e-163
   6.6900000e+02   5.7802426e-26   6.7120868e-08  1.3756633e-164
   6.7000000e+02   2.7174845e-26   2.7917868e-08  3.1579719e-166
   6.7100000e+02   1.2709739e-26   1.1302182e-08  7.1134872e-168
   6.7200000e+02   5.9136380e-27   4.4534622e-09  1.5722986e-169
   6.7300000e+02   2.7372936e-27   1.7080030e-09  3.4100888e-171
   6.7400000e+02   1.2604818e-27   6.3758026e-10  7.2572909e-173
   6.7500000e+02   5.7743128e-28   2.3165224e-10  1.5155196e-174
   6.7600000e+02   2.6315558e-28   8.1920676e-11  3.1054658e-176
   6.7700000e+02   1.1930905e-28   2.8197197e-11  6.2441042e-178
   6.7800000e+02   5.3812451e-29   9.4465615e-12  1.2319461e-179
   6.7900000e+02   2.4145749e-29   3.0803280e-12  2.3850168e-181
   6.8000000e+02   1.0778222e-29   9.7763233e-13  4.5307424e-183
   6.8100000e+02   4.7863245e-30   3.0200181e-13  8.4455023e-185
   6.8200000e+02   2.1144902e-30   9.0802733e-14  1.5447556e-186
   6.8300000e+02   9.2930392e-31   2.6573190e-14  2.7725044e-188
   6.8400000e+02   4.0631083e-31   7.5690932e-15  4.8827320e-190
   6.8500000e+02   1.7672890e-31   2.0984538e-15  8.4378485e-192
   6.8600000e+02   7.6472502e-32   5.6625278e-16  1.4307994e-193
   6.8700000e+02   3.2919374e-32   1.4872250e-16  2.3806959e-195
   6.8800000e+02   1.4097639e-32   3.8018801e-17  3.8869352e-197
   6.8900000e+02   6.0060609e-33   9.4596602e-18  6.2271433e-199
   6.9000000e+02   2.5455500e-33   2.2909101e-18  9.7892314e-201
   6.9100000e+02   1.0733023e-33   5.4000273e-19  1.5100333e-202
   6.9200000e+02   4.5020578e-34   1.2389086e-19  2.2856125e-204
   6.9300000e+02   1.8786618e-34   2.7665463e-20  3.3946648e-206
   6.9400000e+02   7.7989237e-35   6.0130113e-21  4.9473126e-208
   6.9500000e+02   3.2208410e-35   1.2720421e-21  7.0748949e-210
   6.9600000e+02   1.3232822e-35   2.6191861e-22  9.9277039e-212
   6.9700000e+02   5.4085913e-36   5.2491213e-23  1.3669600e-213
   6.9800000e+02   2.1991984e-36   1.0239111e-23  1.8468899e-215
   6.9900000e+02   8.8959681e-37   1.9439867e-24  2.4485240e-217
   7.0000000e+02   3.5798972e-37   3.5923590e-25  3.1852676e-219
   7.0100000e+02   1.4331658e-37   6.4613245e-26  4.0659838e-221
   7.0200000e+02   5.7078280e-38   1.1311463e-26  5.0928813e-223
   7.0300000e+02   2.2614857e-38   1.9273979e-27  6.2595000e-225
   7.0400000e+02   8.9138511e-39   3.1965343e-28  7.5490781e-227
   7.0500000e+02   3.4953079e-39   5.1599176e-29  8.9335972e-229
   7.0600000e+02   1.3634966e-39   8.1070257e-30  1.0373779e-230
   7.0700000e+02   5.2914074e-40   1.2397546e-30  1.1820227e-232
   7.0800000e+02   2.0428520e-40   1.8452928e-31  1.3215780e-234
   7.0900000e+02   7.8460513e-41   2.6733157e-32  1.4498998e-236
   7.1000000e+02   2.9978778e-41   3.7695595e-33  1.5608506e-238
   7.1100000e+02   1.1395287e-41   5.1735225e-34  1.6487807e-240
   7.1200000e+02   4.3090857e-42   6.9109456e-35  1.7090021e-242
   7.1300000e+02   1.6210393e-42   8.9855362e-36  1.7382030e-244
   7.1400000e+02   6.0666720e-43   1.1371190e-36  1.7347488e-246
   7.1500000e+02   2.2586869e-43   1.4006294e-37  1.6988336e-248
   7.1600000e+02   8.3658501e-44   1.6791749e-38  1.6324628e-250
   7.1700000e+02   3.0825681e-44   1.9594041e-39  1.5392668e-252
   7.1800000e+02   1.1299619e-44   2.2253970e-40  1.4241729e-254
   7.1900000e+02   4.1206289e-45   2.4600639e-41  1.2929737e-256
   7.2000000e+02   1.4948986e-45   2.6469190e-42  1.1518472e-258
   7.2100000e+02   5.3952119e-46   2.7719814e-43  1.0068812e-260
   7.2200000e+02   1.9371079e-46   2.8255003e-44  8.6365393e-263
   7.2300000e+02   6.9190694e-47   2.8032111e-45  7.2690802e-265
   7.2400000e+02   2.4586125e-47   2.7068964e-46  6.0034010e-267
   7.2500000e+02   8.6912260e-48   2.5441509e-47  4.8651185e-269
   7.2600000e+02   3.0564728e-48   2.3273917e-48  3.8687234e-271
   7.2700000e+02   1.0693222e-48   2.0722946e-49  3.0187011e-273
   7.2800000e+02   3.7217326e-49   1.7959279e-50  2.3112703e-275
   7.2900000e+02   1.2886361e-49   1.5148921e-51  1.7364390e-277
   7.3000000e+02   4.4387836e-50   1.2437408e-52  1.2801077e-279
   7.3100000e+02   1.5210594e-50   9.9387888e-54  9.2600145e-282
   7.3200000e+02   5.1853365e-51   7.7302303e-55  6.5728694e-284
   7.3300000e+02   1.7585562e-51   5.8520334e-56  4.5780078e-286
   7.3400000e+02   5.9331333e-52   4.3119781e-57  3.1287886e-288
   7.3500000e+02   1.9914092e-52   3.0924430e-58  2.0982349e-290
   7.3600000e+02   6.6494457e-53   2.1586500e-59  1.3807345e-292
   7.3700000e+02   2.2088129e-53   1.4666219e-60  8.9154736e-295
   7.3800000e+02   7.2992956e-54   9.6986098e-62  5.6488084e-297
   7.3900000e+02   2.3996700e-54   6.2424662e-63  3.5119429e-299
   7.4000000e+02   7.8482105e-55   3.9107343e-64  2.1424774e-301
   7.4100000e+02   2.5535144e-55   2.3846014e-65  1.2825172e-303
   7.4200000e+02   8.2652218e-56   1.4152354e-66  7.5333537e-306
   7.4300000e+02   2.6614558e-56   8.1751734e-68  4.3420187e-308
   7.4400000e+02   8.5257492e-57   4.5964299e-69  2.4556881e-310
   7.4500000e+02   2.7170297e-57   2.5153575e-70  1.3628024e-312
   7.4600000e+02   8.6139982e-58   1.3397821e-71  7.4211425e-315
   7.4700000e+02   2.7168378e-58   6.9458278e-73  3.9653985e-317
   7.4800000e+02   8.5245444e-59   3.5048485e-74  2.0791271e-319
   7.4900000e+02   2.6608917e-59   1.7213528e-75  1.0721225e-321
   7.5000000e+02   8.2628859e-60   8.2285992e-77  4.9406565e-324
   7.5100000e+02   2.5526123e-60   3.8285765e-78   0.0000000e+00
   7.5200000e+02   7.8448837e-61   1.7338205e-79   0.0000000e+00
   7.5300000e+02   2.3984833e-61   7.6423396e-81   0.0000000e+00
   7.5400000e+02   7.2951704e-62   3.2787169e-82   0.0000000e+00
   7.5500000e+02   2.2074086e-62   1.3691055e-83   0.0000000e+00
   7.5600000e+02   6.6447485e-63   5.5644889e-85   0.0000000e+00
   7.5700000e+02   1.9898618e-63   2.2012484e-86   0.0000000e+00
   7.5800000e+02   5.9281043e-64   8.4755562e-88   0.0000000e+00
   7.5900000e+02   1.7569415e-64   3.1763091e-89   0.0000000e+00
   7.6000000e+02   5.1802092e-65   1.1585978e-90   0.0000000e+00
   7.6100000e+02   1.5194480e-65   4.1133725e-92   0.0000000e+00
   7.6200000e+02   4.4337678e-66   1.4214080e-93   0.0000000e+00
   7.6300000e+02   1.2870890e-66   4.7807373e-95   0.0000000e+00
   7.6400000e+02   3.7170017e-67   1.5650434e-96   0.0000000e+00
   7.6500000e+02   1.0678875e-67   4.9867006e-98   0.0000000e+00
   7.6600000e+02   3.0521562e-68   1.5465202e-99   0.0000000e+00
   7.6700000e+02   8.6783382e-69  4.6682410e-101   0.0000000e+00
   7.6800000e+02   2.4547933e-69  1.3715333e-102   0.0000000e+00
   7.6900000e+02   6.9078331e-70  3.9220653e-104   0.0000000e+00
   7.7000000e+02   1.9338255e-70  1.0916381e-105   0.0000000e+00
   7.7100000e+02   5.3856890e-71  2.9573173e-107   0.0000000e+00
   7.7200000e+02   1.4921546e-71  7.7978087e-109   0.0000000e+00
   7.7300000e+02   4.1127744e-72  2.0012558e-110   0.0000000e+00
   7.7400000e+02   1.1277284e-72  4.9990564e-112   0.0000000e+00
   7.7500000e+02   3.0762575e-73  1.2154269e-113   0.0000000e+00
   7.7600000e+02   8.3481338e-74  2.8762397e-115   0.0000000e+00
   7.7700000e+02   2.2537444e-74  6.6248596e-117   0.0000000e+00
   7.7800000e+02   6.0529692e-75  1.4851957e-118   0.0000000e+00
   7.7900000e+02   1.6172636e-75  3.2407540e-120   0.0000000e+00
   7.8000000e+02   4.2987452e-76  6.8827792e-122   0.0000000e+00
   7.8100000e+02   1.1367138e-76  1.4227776e-123   0.0000000e+00
   7.8200000e+02   2.9902611e-77  2.8626323e-125   0.0000000e+00
   7.8300000e+02   7.8255639e-78  5.6059540e-127   0.0000000e+00
   7.8400000e+02   2.0373738e-78  1.0685353e-128   0.0000000e+00
   7.8500000e+02   5.2768448e-79  1.9823650e-130   0.0000000e+00
   7.8600000e+02   1.3596480e-79  3.5795938e-132   0.0000000e+00
   7.8700000e+02   3.4851958e-80  6.2912837e-134   0.0000000e+00
   7.8800000e+02   8.8874348e-81  1.0762178e-135   0.0000000e+00
   7.8900000e+02   2.2546245e-81  1.7919112e-137   0.0000000e+00
   7.9000000e+02   5.6901086e-82  2.9039436e-139   0.0000000e+00
   7.9100000e+02   1.4286158e-82  4.5805252e-141   0.0000000e+00
   7.9200000e+02   3.5682795e-83  7.0323059e-143   0.0000000e+00
   7.9300000e+02   8.8664716e-84  1.0508377e-144   0.0000000e+00
   7.9400000e+02   2.1917516e-84  1.5283714e-146   0.0000000e+00
   7.9500000e+02   5.3898961e-85  2.1636029e-148   0.0000000e+00
   7.9600000e+02   1.3186150e-85  2.9811347e-150   0.0000000e+00
   7.9700000e+02   3.2092544e-86  3.9979839e-152   0.0000000e+00
   7.9800000e+02   7.7703187e-87  5.2186224e-154   0.0000000e+00
   7.9900000e+02   1.8716389e-87  6.6301919e-156   0.0000000e+00
   8.0000000e+02   4.4849112e-88  8.1988269e-158   0.0000000e+00
